   0.050,   1603,   10.840    0.000,      0,   50.008
   2.578,   3033,    7.620    0.000, 1.084000e+01, 2527.761
   2.687,   3140,    7.620    0.590, 7.620000e+00,  109.249
   2.737,   3189,    7.710    2.180, 7.620000e+00,   50.010
   2.787,   3240,    7.620    5.080, 7.710000e+00,   50.006
   2.848,   3300,    7.620    9.290, 7.620000e+00,   60.795
   2.898,   3349,    7.620   12.990, 7.620000e+00,   50.002
   2.948,   3399,    7.620   15.950, 7.620000e+00,   50.001
   2.998,   3449,    7.620   17.670, 7.620000e+00,   50.007
   3.048,   3499,    7.620   17.800, 7.620000e+00,   50.008
   3.098,   3549,    7.620   16.680, 7.620000e+00,   50.001
   3.148,   3599,    7.620   14.630, 7.620000e+00,   50.000
   3.198,   3650,    7.620   12.000, 7.620000e+00,   50.003
   3.248,   3699,    7.620    9.490, 7.620000e+00,   50.004
   3.298,   3749,    7.620    7.450, 7.620000e+00,   50.000
   3.348,   3799,    7.620    6.460, 7.620000e+00,   50.002
   3.398,   3850,    7.620    6.720, 7.620000e+00,   50.001
   3.448,   3900,    7.620    7.980, 7.620000e+00,   50.004
   3.498,   3949,    7.620   10.090, 7.620000e+00,   50.008
   3.548,   3999,    7.620   12.390, 7.620000e+00,   50.003
   3.598,   4050,    7.620   14.500, 7.620000e+00,   50.006
   3.648,   4100,    7.620   15.890, 7.620000e+00,   50.008
   3.698,   4150,    7.620   16.220, 7.620000e+00,   50.002
   3.748,   4200,    7.620   15.620, 7.620000e+00,   50.006
   3.798,   4250,    7.620   14.240, 7.620000e+00,   50.006
   3.848,   4300,    7.620   12.260, 7.620000e+00,   50.007
   3.898,   4350,    7.620   10.420, 7.620000e+00,   50.002
   3.948,   4400,    7.620    8.960, 7.620000e+00,   50.009
   3.998,   4450,    7.620    8.040, 7.620000e+00,   50.004
   4.048,   4501,    7.620    8.170, 7.620000e+00,   50.000
   4.098,   4550,    7.620    8.960, 7.620000e+00,   50.011
   4.148,   4600,    7.620   10.350, 7.620000e+00,   50.002
   4.198,   4652,    7.620   12.000, 7.620000e+00,   50.005
   4.248,   4701,    7.620   13.510, 7.620000e+00,   50.009
   4.298,   4751,    7.620   14.570, 7.620000e+00,   50.002
   4.348,   4801,    7.710   14.900, 7.620000e+00,   50.000
   4.398,   4851,    7.620   14.370, 7.710000e+00,   50.012
   4.448,   4901,    7.620   13.450, 7.620000e+00,   50.005
   4.498,   4952,    7.620   12.130, 7.620000e+00,   50.001
   4.548,   5001,    7.620   10.810, 7.620000e+00,   50.007
   4.598,   5051,    7.620    9.760, 7.620000e+00,   50.010
   4.648,   5102,    7.710    9.100, 7.620000e+00,   50.000
   4.698,   5151,    7.620    9.230, 7.710000e+00,   50.012
   4.748,   5201,    7.620    9.760, 7.620000e+00,   50.011
   4.798,   5253,    7.620   10.680, 7.620000e+00,   50.003
   4.848,   5302,    7.620   11.730, 7.620000e+00,   50.009
   4.898,   5352,    7.620   12.720, 7.620000e+00,   50.010
   4.948,   5402,    7.810   13.450, 7.620000e+00,   50.008
   4.998,   5452,    7.620   13.580, 7.810000e+00,   50.010
   5.048,   5502,    7.620   13.320, 7.620000e+00,   50.003
   5.098,   5553,    7.710   12.660, 7.620000e+00,   50.003
   5.148,   5602,    7.620   11.870, 7.710000e+00,   50.003
   5.198,   5652,    7.620   11.070, 7.620000e+00,   50.007
   5.248,   5703,    7.710   10.420, 7.620000e+00,   50.006
   5.298,   5752,    7.620   10.150, 7.710000e+00,   50.008
   5.348,   5803,    7.620   10.150, 7.620000e+00,   50.007
   5.398,   5853,    7.710   10.550, 7.620000e+00,   50.000
   5.448,   5903,    7.620   11.140, 7.710000e+00,   50.002
   5.498,   5953,    7.620   11.730, 7.620000e+00,   50.006
   5.548,   6003,    7.710   12.260, 7.620000e+00,   50.009
   5.598,   6052,    7.620   12.660, 7.710000e+00,   50.001
   5.648,   6103,    7.620   12.660, 7.620000e+00,   50.005
   5.698,   6154,    7.710   12.520, 7.620000e+00,   50.002
   5.748,   6203,    7.620   12.130, 7.710000e+00,   50.006
   5.798,   6253,    7.620   11.730, 7.620000e+00,   50.003
   5.848,   6303,    7.620   11.340, 7.620000e+00,   50.005
   5.898,   6353,    7.620   11.070, 7.620000e+00,   50.007
   5.948,   6404,    7.620   10.940, 7.620000e+00,   50.008
   5.998,   6454,    7.620   11.070, 7.620000e+00,   50.010
   6.048,   6503,    7.620   11.210, 7.620000e+00,   50.003
   6.098,   6554,    7.620   11.470, 7.620000e+00,   50.010
   6.148,   6604,    7.620   11.730, 7.620000e+00,   50.006
   6.198,   6653,    7.620   11.930, 7.620000e+00,   50.006
   6.248,   6704,    7.620   12.000, 7.620000e+00,   50.001
   6.298,   6754,    7.620   12.000, 7.620000e+00,   50.003
   6.348,   6804,    7.620   11.870, 7.620000e+00,   50.002
   6.398,   6854,    7.620   11.670, 7.620000e+00,   50.007
   6.448,   6904,    7.620   11.470, 7.620000e+00,   50.016
   6.498,   6955,    7.710   11.400, 7.620000e+00,   50.013
   6.548,   7005,    7.620   11.400, 7.710000e+00,   50.012
   6.598,   7055,    7.620   11.470, 7.620000e+00,   50.002
   6.648,   7105,    7.710   11.470, 7.620000e+00,   50.009
   6.698,   7154,    7.620   11.600, 7.710000e+00,   50.003
   6.748,   7205,    7.620   11.670, 7.620000e+00,   50.006
   6.798,   7256,    7.710   11.730, 7.620000e+00,   50.007
   6.848,   7305,    7.620   11.730, 7.710000e+00,   50.008
   6.898,   7355,    7.620   11.670, 7.620000e+00,   50.002
   6.948,   7405,    7.710   11.670, 7.620000e+00,   50.005
   6.998,   7455,    7.620   11.600, 7.710000e+00,   50.005
   7.048,   7505,    7.620   11.600, 7.620000e+00,   50.001
   7.098,   7556,    7.710   11.600, 7.620000e+00,   50.004
   7.148,   7605,    7.620   11.600, 7.710000e+00,   50.003
   7.198,   7656,    7.620   11.600, 7.620000e+00,   50.001
   7.248,   7706,    7.710   11.670, 7.620000e+00,   50.007
   7.298,   7755,    7.620   11.670, 7.710000e+00,   50.013
   7.348,   7805,    7.620   11.670, 7.620000e+00,   50.001
   7.398,   7857,    7.710   11.670, 7.620000e+00,   50.007
   7.448,   7906,    7.620   11.670, 7.710000e+00,   50.004
   7.498,   7956,    7.620   11.670, 7.620000e+00,   50.003
   7.548,   8006,    7.710   11.600, 7.620000e+00,   50.008
   7.598,   8056,    7.620   11.600, 7.710000e+00,   50.008
   7.648,   8107,    7.620   11.600, 7.620000e+00,   50.012
   7.698,   8157,    7.710   11.670, 7.620000e+00,   50.006
   7.748,   8206,    7.620   11.670, 7.710000e+00,   50.004
   7.798,   8256,    7.620   11.600, 7.620000e+00,   50.008
   7.848,   8307,    7.710   11.600, 7.620000e+00,   50.005
   7.898,   8356,    7.620   11.600, 7.710000e+00,   50.007
   7.948,   8407,    7.620   11.670, 7.620000e+00,   50.006
   7.998,   8457,    7.710   11.670, 7.620000e+00,   50.004
   8.048,   8507,    7.620   11.670, 7.710000e+00,   50.006
   8.098,   8557,    7.620   11.670, 7.620000e+00,   50.001
   8.148,   8607,    7.710   11.670, 7.620000e+00,   50.002
   8.198,   8656,    7.620   11.670, 7.710000e+00,   50.007
   8.248,   8708,    7.620   11.600, 7.620000e+00,   50.010
   8.298,   8758,    7.620   11.600, 7.620000e+00,   50.005
   8.348,   8807,    7.620   11.670, 7.620000e+00,   50.008
   8.398,   8857,    7.620   11.670, 7.620000e+00,   50.002
   8.448,   8907,    7.620   11.670, 7.620000e+00,   50.004
   8.498,   8957,    7.620   11.670, 7.620000e+00,   50.005
   8.548,   9008,    7.620   11.670, 7.620000e+00,   50.004
   8.598,   9058,    7.620   11.670, 7.620000e+00,   50.006
   8.648,   9107,    7.620   11.670, 7.620000e+00,   50.004
   8.698,   9158,    7.620   11.670, 7.620000e+00,   50.007
   8.748,   9208,    7.620   11.670, 7.620000e+00,   50.005
   8.798,   9257,    7.620   11.670, 7.620000e+00,   50.004
   8.848,   9308,    7.620   11.670, 7.620000e+00,   50.010
   8.898,   9358,    7.620   11.670, 7.620000e+00,   50.003
   8.948,   9409,    7.710   11.670, 7.620000e+00,   50.000
   8.998,   9458,    7.620   11.670, 7.710000e+00,   50.010
   9.048,   9508,    7.620   11.670, 7.620000e+00,   50.000
   9.098,   9559,    7.710   11.670, 7.620000e+00,   50.006
   9.149,   9609,    7.620   11.670, 7.710000e+00,   50.006
   9.199,   9659,    7.620   11.670, 7.620000e+00,   50.002
   9.249,   9709,    7.620   11.670, 7.620000e+00,   50.009
   9.299,   9758,    7.620   11.670, 7.620000e+00,   50.000
   9.349,   9809,    7.620   11.670, 7.620000e+00,   50.007
   9.399,   9860,    7.710   11.670, 7.620000e+00,   50.007
   9.449,   9909,    7.620   11.670, 7.710000e+00,   50.001
   9.499,   9959,    7.620   11.670, 7.620000e+00,   50.004
   9.549,  10009,    7.710   11.670, 7.620000e+00,   50.005
   9.599,  10059,    7.620   11.670, 7.710000e+00,   50.009
   9.649,  10109,    7.620   11.670, 7.620000e+00,   50.010
   9.699,  10160,    7.620   11.670, 7.620000e+00,   50.009
   9.749,  10210,    7.710   11.670, 7.620000e+00,   50.000
   9.799,  10259,    7.620   11.670, 7.710000e+00,   50.005
   9.849,  10310,    7.620   11.600, 7.620000e+00,   50.002
   9.899,  10360,    7.710   11.600, 7.620000e+00,   50.010
   9.949,  10409,    7.620   11.670, 7.710000e+00,   50.007
   9.999,  10460,    7.620   11.670, 7.620000e+00,   50.002
  10.049,  10510,    7.620   11.670, 7.620000e+00,   50.000
  10.099,  10560,    7.710   11.670, 7.620000e+00,   50.010
  10.149,  10610,    7.620   11.670, 7.710000e+00,   50.009
  10.199,  10660,    7.620   11.670, 7.620000e+00,   50.001
  10.249,  10711,    7.620   11.670, 7.620000e+00,   50.001
  10.299,  10760,    7.710   11.670, 7.620000e+00,   50.004
  10.349,  10810,    7.620   11.670, 7.710000e+00,   50.002
  10.399,  10861,    7.620   11.670, 7.620000e+00,   50.009
  10.449,  10911,    7.710   11.670, 7.620000e+00,   50.003
  10.499,  10960,    7.620   11.670, 7.710000e+00,   50.003
  10.549,  11011,    7.620   11.670, 7.620000e+00,   50.009
  10.599,  11061,    7.620   11.670, 7.620000e+00,   50.008
  10.649,  11111,    7.620   11.470, 7.620000e+00,   50.001
  10.699,  11161,    7.620    6.130, 7.620000e+00,   50.006
  10.749,  11211,    7.620    0.260, 7.620000e+00,   50.007
  10.799,  11261,    7.710   -5.670, 7.620000e+00,   50.006
  10.849,  11311,    7.620   -7.840, 7.710000e+00,   50.005
  10.899,  11362,    7.620   -5.670, 7.620000e+00,   50.009
  10.949,  11412,    7.710    0.070, 7.620000e+00,   50.006
  10.999,  11461,    7.620    8.310, 7.710000e+00,   50.004
  11.049,  11511,    7.620   17.140, 7.620000e+00,   50.003
  11.099,  11561,    7.620   24.520, 7.620000e+00,   50.009
  11.149,  11612,    7.710   29.140, 7.620000e+00,   50.010
  11.199,  11662,    7.620   29.790, 7.710000e+00,   50.008
  11.249,  11712,    7.620   26.960, 7.620000e+00,   50.005
  11.299,  11762,    7.710   21.230, 7.620000e+00,   50.010
  11.349,  11811,    7.620   13.840, 7.710000e+00,   50.000
  11.399,  11863,    7.620    6.060, 7.620000e+00,   50.009
  11.449,  11913,    7.710   -0.130, 7.620000e+00,   50.005
  11.499,  11962,    7.620   -3.560, 7.710000e+00,   50.003
  11.549,  12012,    7.620   -3.630, 7.620000e+00,   50.001
  11.599,  12063,    7.620   -0.400, 7.620000e+00,   50.008
  11.649,  12112,    7.620    5.340, 7.620000e+00,   50.003
  11.699,  12163,    7.620   12.260, 7.620000e+00,   50.005
  11.749,  12213,    7.620   19.050, 7.620000e+00,   50.009
  11.799,  12263,    7.710   23.990, 7.620000e+00,   50.007
  11.849,  12312,    7.620   26.170, 7.710000e+00,   50.008
  11.899,  12363,    7.620   25.180, 7.620000e+00,   50.000
  11.949,  12413,    7.710   21.620, 7.620000e+00,   50.002
  11.999,  12463,    7.620   16.220, 7.710000e+00,   50.001
  12.049,  12513,    7.620   10.020, 7.620000e+00,   50.007
  12.099,  12563,    7.620    4.350, 7.620000e+00,   50.004
  12.149,  12614,    7.620    0.530, 7.620000e+00,   50.004
  12.199,  12663,    7.620   -0.790, 7.620000e+00,   50.011
  12.249,  12713,    7.620    0.660, 7.620000e+00,   50.006
  12.299,  12764,    7.620    4.350, 7.620000e+00,   50.005
  12.349,  12813,    7.620    9.560, 7.620000e+00,   50.002
  12.399,  12864,    7.620   15.290, 7.620000e+00,   50.007
  12.449,  12914,    7.810   19.910, 7.620000e+00,   50.010
  12.499,  12963,    7.620   22.810, 7.810000e+00,   50.005
  12.549,  13014,    7.620   23.200, 7.620000e+00,   50.015
  12.601,  13066,    7.620   21.160, 7.620000e+00,   51.971
  12.651,  13116,    7.710   17.270, 7.620000e+00,   50.009
  12.701,  13166,    7.620   12.460, 7.710000e+00,   50.004
  12.751,  13216,    7.620    7.510, 7.620000e+00,   50.008
  12.801,  13266,    7.810    3.760, 7.620000e+00,   50.000
  12.851,  13316,    7.620    1.710, 7.810000e+00,   50.001
  12.901,  13367,    7.620    1.980, 7.620000e+00,   50.008
  12.951,  13417,    7.710    4.350, 7.620000e+00,   50.008
  13.001,  13466,    7.620    8.170, 7.710000e+00,   50.008
  13.051,  13516,    7.620   12.660, 7.620000e+00,   50.008
  13.101,  13568,    7.710   16.940, 7.620000e+00,   50.000
  13.151,  13617,    7.620   20.040, 7.710000e+00,   50.009
  13.201,  13667,    7.620   21.160, 7.620000e+00,   50.008
  13.251,  13717,    7.620   20.370, 7.620000e+00,   50.009
  13.301,  13767,    7.710   17.800, 7.620000e+00,   50.010
  13.351,  13816,    7.620   14.240, 7.710000e+00,   50.003
  13.401,  13868,    7.620   10.090, 7.620000e+00,   50.008
  13.451,  13918,    7.710    6.460, 7.620000e+00,   50.003
  13.501,  13967,    7.620    4.220, 7.710000e+00,   50.010
  13.551,  14017,    7.620    3.690, 7.620000e+00,   50.004
  13.601,  14068,    7.710    5.010, 7.620000e+00,   50.003
  13.651,  14117,    7.620    7.510, 7.710000e+00,   50.000
  13.701,  14168,    7.620   11.070, 7.620000e+00,   50.008
  13.751,  14218,    7.620   14.570, 7.620000e+00,   50.003
  13.801,  14267,    7.620   17.400, 7.620000e+00,   50.001
  13.851,  14318,    7.620   18.980, 7.620000e+00,   50.005
  13.901,  14368,    7.620   18.850, 7.620000e+00,   50.000
  13.951,  14418,    7.810   17.270, 7.620000e+00,   50.007
  14.001,  14468,    7.620   14.770, 7.810000e+00,   50.004
  14.051,  14518,    7.620   11.600, 7.620000e+00,   50.003
  14.101,  14569,    7.620    8.440, 7.620000e+00,   50.006
  14.151,  14618,    7.620    6.200, 7.620000e+00,   50.010
  14.201,  14668,    7.620    5.270, 7.620000e+00,   50.010
  14.251,  14718,    7.620    5.800, 7.620000e+00,   50.005
  14.301,  14768,    7.620    7.510, 7.620000e+00,   50.006
  14.351,  14819,    7.620   10.280, 7.620000e+00,   50.003
  14.401,  14869,    7.620   13.180, 7.620000e+00,   50.001
  14.451,  14919,    7.810   15.620, 7.620000e+00,   50.006
  14.501,  14968,    7.620   17.200, 7.810000e+00,   50.010
  14.551,  15019,    7.620   17.670, 7.620000e+00,   50.004
  14.601,  15070,    7.620   16.740, 7.620000e+00,   50.012
  14.651,  15119,    7.620   15.030, 7.620000e+00,   50.004
  14.701,  15169,    7.620   12.520, 7.620000e+00,   50.001
  14.751,  15219,    7.620   10.020, 7.620000e+00,   50.004
  14.801,  15269,    7.710    7.910, 7.620000e+00,   50.004
  14.851,  15320,    7.620    6.720, 7.710000e+00,   50.005
  14.901,  15370,    7.620    6.860, 7.620000e+00,   50.010
  14.951,  15420,    7.710    7.980, 7.620000e+00,   50.009
  15.001,  15469,    7.620    9.890, 7.710000e+00,   50.000
  15.051,  15520,    7.620   12.190, 7.620000e+00,   50.008
  15.101,  15570,    7.620   14.300, 7.620000e+00,   50.010
  15.151,  15620,    7.620   15.820, 7.620000e+00,   50.001
  15.201,  15670,    7.620   16.410, 7.620000e+00,   50.000
  15.251,  15720,    7.620   15.950, 7.620000e+00,   50.002
  15.301,  15770,    7.810   14.630, 7.620000e+00,   50.006
  15.351,  15820,    7.620   12.790, 7.810000e+00,   50.005
  15.401,  15870,    7.620   10.680, 7.620000e+00,   50.005
  15.462,  15932,    7.710    8.700, 7.620000e+00,   60.370
  15.512,  15981,    7.620    7.910, 7.710000e+00,   50.014
  15.562,  16032,    7.620    7.910, 7.620000e+00,   50.000
  15.612,  16081,    7.710    8.830, 7.620000e+00,   50.026
  15.662,  16132,    7.620   10.350, 7.710000e+00,   50.004
  15.712,  16182,    7.620   12.190, 7.620000e+00,   50.005
  15.762,  16232,    7.710   13.780, 7.620000e+00,   50.011
  15.812,  16281,    7.620   14.900, 7.710000e+00,   50.013
  15.862,  16333,    7.620   15.290, 7.620000e+00,   50.024
  15.912,  16382,    7.620   14.830, 7.620000e+00,   50.005
  15.962,  16432,    7.710   13.840, 7.620000e+00,   50.007
  16.012,  16482,    7.620   12.260, 7.710000e+00,   50.002
  16.062,  16532,    7.620   10.810, 7.620000e+00,   50.002
  16.112,  16582,    7.620    9.490, 7.620000e+00,   50.003
  16.162,  16631,    7.620    8.770, 7.620000e+00,   50.004
  16.212,  16681,    7.620    8.770, 7.620000e+00,   50.002
  16.262,  16733,    7.620    9.360, 7.620000e+00,   50.009
  16.312,  16782,    7.710   10.550, 7.620000e+00,   50.002
  16.362,  16832,    7.620   11.870, 7.710000e+00,   50.000
  16.412,  16882,    7.620   13.050, 7.620000e+00,   50.007
  16.462,  16932,    7.710   13.840, 7.620000e+00,   50.000
  16.512,  16983,    7.620   14.300, 7.710000e+00,   50.005
  16.562,  17033,    7.620   14.040, 7.620000e+00,   50.003
  16.612,  17083,    7.620   13.320, 7.620000e+00,   50.003
  16.662,  17132,    7.620   12.260, 7.620000e+00,   50.006
  16.712,  17182,    7.620   11.210, 7.620000e+00,   50.002
  16.762,  17232,    7.620   10.280, 7.620000e+00,   50.009
  16.812,  17284,    7.710    9.760, 7.620000e+00,   50.005
  16.862,  17333,    7.620    9.620, 7.710000e+00,   50.010
  16.912,  17383,    7.620   10.090, 7.620000e+00,   50.003
  16.962,  17434,    7.620   10.810, 7.620000e+00,   50.020
  17.012,  17483,    7.620   11.670, 7.620000e+00,   50.009
  17.062,  17533,    7.620   12.460, 7.620000e+00,   50.004
  17.112,  17584,    7.620   13.180, 7.620000e+00,   50.005
  17.162,  17634,    7.710   13.450, 7.620000e+00,   50.007
  17.212,  17684,    7.620   13.250, 7.710000e+00,   50.020
  17.262,  17734,    7.620   12.790, 7.620000e+00,   50.009
  17.312,  17784,    7.620   12.190, 7.620000e+00,   50.011
  17.362,  17835,    7.620   11.470, 7.620000e+00,   50.007
  17.412,  17885,    7.620   10.880, 7.620000e+00,   50.003
  17.462,  17934,    7.620   10.550, 7.620000e+00,   50.006
  17.512,  17985,    7.710   10.420, 7.620000e+00,   50.005
  17.562,  18034,    7.620   10.680, 7.710000e+00,   50.010
  17.612,  18084,    7.620   11.140, 7.620000e+00,   50.000
  17.662,  18136,    7.620   11.670, 7.620000e+00,   50.001
  17.712,  18186,    7.710   12.190, 7.620000e+00,   50.011
  17.762,  18235,    7.620   12.520, 7.710000e+00,   50.012
  17.812,  18285,    7.620   12.720, 7.620000e+00,   50.000
  17.862,  18335,    7.620   12.660, 7.620000e+00,   50.009
  17.912,  18384,    7.620   12.390, 7.620000e+00,   50.001
  17.962,  18435,    7.620   11.930, 7.620000e+00,   50.015
  18.012,  18485,    7.620   11.600, 7.620000e+00,   50.009
  18.062,  18535,    7.710   11.210, 7.620000e+00,   50.002
  18.112,  18585,    7.620   11.070, 7.710000e+00,   50.010
  18.162,  18635,    7.620   11.070, 7.620000e+00,   50.001
  18.212,  18685,    7.620   11.210, 7.620000e+00,   50.000
  18.262,  18735,    7.620   11.470, 7.620000e+00,   50.006
  18.312,  18786,    7.620   11.870, 7.620000e+00,   50.003
  18.362,  18835,    7.620   12.000, 7.620000e+00,   50.007
  18.412,  18886,    7.710   12.190, 7.620000e+00,   50.008
  18.462,  18935,    7.620   12.190, 7.710000e+00,   50.005
  18.512,  18985,    7.620   12.130, 7.620000e+00,   50.000
  18.562,  19036,    7.620   11.930, 7.620000e+00,   50.002
  18.612,  19086,    7.710   11.730, 7.620000e+00,   50.005
  18.662,  19136,    7.620   11.600, 7.710000e+00,   50.016
  18.712,  19186,    7.620   11.470, 7.620000e+00,   50.011
  18.762,  19236,    7.620   11.470, 7.620000e+00,   50.005
  18.812,  19286,    7.620   11.600, 7.620000e+00,   50.002
  18.862,  19336,    7.620   11.670, 7.620000e+00,   50.002
  18.912,  19386,    7.620   11.870, 7.620000e+00,   50.005
  18.962,  19437,    7.710   12.000, 7.620000e+00,   50.004
  19.012,  19486,    7.620   12.000, 7.710000e+00,   50.008
  19.062,  19536,    7.620   12.000, 7.620000e+00,   50.021
  19.112,  19588,    7.620   11.930, 7.620000e+00,   50.012
  19.162,  19637,    7.620   11.870, 7.620000e+00,   50.027
  19.212,  19687,    7.620   11.730, 7.620000e+00,   50.003
  19.262,  19737,    7.620   11.670, 7.620000e+00,   50.001
  19.312,  19788,    7.710   11.670, 7.620000e+00,   50.011
  19.362,  19836,    7.620   11.670, 7.710000e+00,   50.007
  19.412,  19888,    7.620   11.730, 7.620000e+00,   50.001
  19.462,  19938,    7.620   11.870, 7.620000e+00,   50.005
  19.512,  19989,    7.710   11.930, 7.620000e+00,   50.054
  19.562,  20037,    7.620   11.870, 7.710000e+00,   50.010
  19.612,  20088,    7.620   11.870, 7.620000e+00,   50.013
  19.662,  20137,    7.620   11.870, 7.620000e+00,   50.004
  19.712,  20188,    7.620   11.730, 7.620000e+00,   50.007
  19.762,  20238,    7.620   11.730, 7.620000e+00,   50.003
  19.812,  20288,    7.620   11.730, 7.620000e+00,   50.000
  19.862,  20339,    7.710   11.730, 7.620000e+00,   50.003
  19.912,  20387,    7.620   11.870, 7.710000e+00,   50.012
  19.962,  20439,    7.620   11.870, 7.620000e+00,   50.009
  20.012,  20489,    7.620   11.870, 7.620000e+00,   50.002
  20.062,  20539,    7.710   11.870, 7.620000e+00,   50.002
  20.112,  20588,    7.620   11.870, 7.710000e+00,   50.000
  20.162,  20638,    7.620   11.870, 7.620000e+00,   50.003
  20.212,  20688,    7.620   11.870, 7.620000e+00,   50.009
  20.262,  20738,    7.710   11.730, 7.620000e+00,   50.005
  20.312,  20789,    7.620   11.730, 7.710000e+00,   50.011
  20.362,  20839,    7.620   11.730, 7.620000e+00,   50.007
  20.412,  20889,    7.710   11.730, 7.620000e+00,   50.009
  20.462,  20938,    7.620   11.730, 7.710000e+00,   50.000
  20.512,  20988,    7.620   11.730, 7.620000e+00,   50.004
  20.562,  21040,    7.620   11.870, 7.620000e+00,   50.009
  20.612,  21089,    7.620   11.870, 7.620000e+00,   50.001
  20.662,  21139,    7.620   11.870, 7.620000e+00,   50.005
  20.712,  21189,    7.620   11.870, 7.620000e+00,   50.009
  20.762,  21239,    7.710   11.870, 7.620000e+00,   50.010
  20.812,  21288,    7.620   11.730, 7.710000e+00,   50.004
  20.862,  21340,    7.620   11.730, 7.620000e+00,   50.007
  20.912,  21390,    7.620   11.870, 7.620000e+00,   50.006
  20.962,  21440,    7.620   11.870, 7.620000e+00,   50.012
  21.012,  21490,    7.620   11.870, 7.620000e+00,   50.011
  21.062,  21540,    7.620   11.870, 7.620000e+00,   50.006
  21.112,  21591,    7.620   11.870, 7.620000e+00,   50.007
  21.162,  21640,    7.620   11.870, 7.620000e+00,   50.005
  21.212,  21690,    7.620   11.870, 7.620000e+00,   50.029
  21.262,  21741,    7.620   11.870, 7.620000e+00,   50.004
  21.312,  21791,    7.620   11.870, 7.620000e+00,   50.008
  21.362,  21840,    7.620   11.870, 7.620000e+00,   50.010
  21.412,  21891,    7.620   11.870, 7.620000e+00,   50.009
  21.462,  21941,    7.620   11.870, 7.620000e+00,   50.011
  21.512,  21991,    7.620   11.870, 7.620000e+00,   50.005
  21.562,  22041,    7.620   11.870, 7.620000e+00,   50.021
  21.612,  22091,    7.620   11.870, 7.620000e+00,   50.001
  21.662,  22141,    7.710   11.870, 7.620000e+00,   50.013
  21.712,  22191,    7.620   11.870, 7.710000e+00,   50.000
  21.762,  22241,    7.620   11.870, 7.620000e+00,   50.006
  21.812,  22292,    7.620   11.870, 7.620000e+00,   50.010
  21.862,  22342,    7.710   11.870, 7.620000e+00,   50.002
  21.912,  22391,    7.620   11.870, 7.710000e+00,   50.013
  21.962,  22441,    7.620   11.730, 7.620000e+00,   50.028
  22.013,  22492,    7.620   11.870, 7.620000e+00,   50.010
  22.063,  22541,    7.710   11.870, 7.620000e+00,   50.002
  22.113,  22591,    7.620   11.870, 7.710000e+00,   50.011
  22.163,  22641,    7.620   11.870, 7.620000e+00,   50.001
  22.213,  22692,    7.710   11.870, 7.620000e+00,   50.000
  22.263,  22742,    7.620   11.870, 7.710000e+00,   50.009
  22.313,  22792,    7.620   11.870, 7.620000e+00,   50.003
  22.363,  22842,    7.620   11.870, 7.620000e+00,   50.001
  22.413,  22892,    7.710   11.870, 7.620000e+00,   50.012
  22.463,  22941,    7.620   11.870, 7.710000e+00,   50.003
  22.513,  22992,    7.620   11.870, 7.620000e+00,   50.002
  22.563,  23043,    7.710   11.870, 7.620000e+00,   50.009
  22.613,  23092,    7.620   11.870, 7.710000e+00,   50.000
  22.663,  23142,    7.620   11.870, 7.620000e+00,   50.009
  22.713,  23192,    7.620   11.870, 7.620000e+00,   50.010
  22.763,  23243,    7.710   11.870, 7.620000e+00,   50.011
  22.813,  23292,    7.620   11.870, 7.710000e+00,   50.010
  22.863,  23343,    7.620   11.870, 7.620000e+00,   50.006
  22.913,  23393,    7.620   11.870, 7.620000e+00,   50.000
  22.963,  23443,    7.710   11.870, 7.620000e+00,   50.003
  23.013,  23493,    7.620   11.730, 7.710000e+00,   50.023
  23.063,  23543,    7.620   11.870, 7.620000e+00,   50.003
  23.113,  23593,    7.620   11.870, 7.620000e+00,   50.008
  23.163,  23644,    7.620   11.870, 7.620000e+00,   50.012
  23.213,  23694,    7.620   11.870, 7.620000e+00,   50.009
  23.263,  23744,    7.620   11.870, 7.620000e+00,   50.009
  23.313,  23794,    7.810   11.730, 7.620000e+00,   50.027
  23.363,  23843,    7.620   11.730, 7.810000e+00,   50.123
  23.413,  23895,    7.620   11.870, 7.620000e+00,   50.002
  23.463,  23944,    7.620   11.870, 7.620000e+00,   50.006
  23.513,  23994,    7.620   11.870, 7.620000e+00,   50.010
  23.563,  24044,    7.620   11.870, 7.620000e+00,   50.009
  23.613,  24094,    7.620   11.870, 7.620000e+00,   50.017
  23.663,  24145,    7.710   11.870, 7.620000e+00,   50.006
  23.713,  24195,    7.620   11.870, 7.710000e+00,   50.003
  23.763,  24245,    7.620   11.870, 7.620000e+00,   50.008
  23.813,  24295,    7.620   11.870, 7.620000e+00,   50.000
  23.863,  24344,    7.620   11.870, 7.620000e+00,   50.015
  23.913,  24394,    7.620   11.870, 7.620000e+00,   50.042
  23.963,  24445,    7.620   11.870, 7.620000e+00,   50.010
  24.013,  24495,    7.620   11.870, 7.620000e+00,   50.005
  24.063,  24545,    7.620   11.870, 7.620000e+00,   50.001
  24.113,  24595,    7.620   11.870, 7.620000e+00,   50.000
  24.163,  24645,    7.620   11.870, 7.620000e+00,   50.005
  24.213,  24695,    7.810   11.870, 7.620000e+00,   50.005
  24.263,  24744,    7.620   11.870, 7.810000e+00,   50.009
  24.313,  24795,    7.620   11.870, 7.620000e+00,   50.005
  24.363,  24846,    7.620   11.870, 7.620000e+00,   50.004
  24.413,  24895,    7.620   11.870, 7.620000e+00,   50.010
  24.463,  24945,    7.620   11.870, 7.620000e+00,   50.003
  24.513,  24995,    7.620   11.870, 7.620000e+00,   50.007
  24.563,  25046,    7.710   11.870, 7.620000e+00,   50.000
  24.613,  25096,    7.620   11.730, 7.710000e+00,   50.007
  24.663,  25146,    7.620   11.870, 7.620000e+00,   50.012
  24.713,  25196,    7.620   11.870, 7.620000e+00,   50.004
  24.763,  25246,    7.620   11.870, 7.620000e+00,   50.008
  24.813,  25295,    7.620   11.870, 7.620000e+00,   50.010
  24.863,  25346,    7.620   11.870, 7.620000e+00,   50.008
  24.913,  25397,    7.620   11.870, 7.620000e+00,   50.006
  24.963,  25446,    7.710   11.870, 7.620000e+00,   50.008
  25.013,  25497,    7.620   11.870, 7.710000e+00,   50.007
  25.063,  25547,    7.620   11.870, 7.620000e+00,   50.000
  25.113,  25596,    7.710   11.870, 7.620000e+00,   50.001
  25.163,  25647,    7.620   11.870, 7.710000e+00,   50.019
  25.213,  25697,    7.620   11.870, 7.620000e+00,   50.012
  25.263,  25747,    7.620   11.870, 7.620000e+00,   50.097
  25.313,  25797,    7.620   11.870, 7.620000e+00,   50.015
  25.363,  25847,    7.620   11.870, 7.620000e+00,   50.011
  25.413,  25897,    7.620   11.870, 7.620000e+00,   50.003
  25.463,  25948,    7.710   11.870, 7.620000e+00,   50.013
  25.513,  25997,    7.620   11.870, 7.710000e+00,   50.029
  25.563,  26047,    7.620   11.870, 7.620000e+00,   50.042
  25.613,  26098,    7.620   11.870, 7.620000e+00,   50.011
  25.663,  26148,    7.710   11.870, 7.620000e+00,   50.003
  25.713,  26198,    7.620   11.870, 7.710000e+00,   50.003
  25.763,  26248,    7.620   11.870, 7.620000e+00,   50.022
  25.813,  26299,    7.620   11.870, 7.620000e+00,   50.004
  25.863,  26348,    7.620   11.870, 7.620000e+00,   50.037
  25.913,  26398,    7.620   11.870, 7.620000e+00,   50.023
  25.963,  26448,    7.620   11.870, 7.620000e+00,   50.009
  26.013,  26499,    7.710   11.870, 7.620000e+00,   50.004
  26.063,  26548,    7.620   11.870, 7.710000e+00,   50.004
  26.113,  26598,    7.620   11.870, 7.620000e+00,   50.009
  26.163,  26649,    7.620   11.870, 7.620000e+00,   50.003
  26.213,  26699,    7.620   11.870, 7.620000e+00,   50.008
  26.263,  26748,    7.620   11.870, 7.620000e+00,   50.002
  26.313,  26799,    7.620   11.870, 7.620000e+00,   50.000
  26.363,  26849,    7.710   11.870, 7.620000e+00,   50.004
  26.413,  26898,    7.620   11.870, 7.710000e+00,   50.007
  26.463,  26948,    7.620   11.870, 7.620000e+00,   50.006
  26.513,  26999,    7.620   11.870, 7.620000e+00,   50.000
  26.563,  27049,    7.810   11.870, 7.620000e+00,   50.004
  26.613,  27099,    7.620   11.870, 7.810000e+00,   50.005
  26.663,  27149,    7.620   11.870, 7.620000e+00,   50.003
  26.713,  27199,    7.620   11.870, 7.620000e+00,   50.004
  26.763,  27249,    7.620   11.870, 7.620000e+00,   50.005
  26.813,  27299,    7.620   11.870, 7.620000e+00,   50.002
  26.863,  27350,    7.620   11.870, 7.620000e+00,   50.000
  26.913,  27400,    7.710   11.870, 7.620000e+00,   50.000
  26.964,  27449,    7.620   11.870, 7.710000e+00,   50.002
  27.014,  27500,    7.620   11.870, 7.620000e+00,   50.016
  27.064,  27550,    7.620   11.870, 7.620000e+00,   50.012
  27.114,  27600,    7.710   11.730, 7.620000e+00,   50.012
  27.164,  27650,    7.620    6.990, 7.710000e+00,   50.006
  27.214,  27701,    7.620    2.240, 7.620000e+00,   50.001
  27.264,  27751,    7.810   -0.130, 7.620000e+00,   50.009
  27.314,  27800,    7.620    0.070, 7.810000e+00,   50.028
  27.364,  27850,    7.620    2.770, 7.620000e+00,   50.007
  27.414,  27901,    7.810    7.380, 7.620000e+00,   50.049
  27.464,  27951,    7.620   12.790, 7.810000e+00,   50.014
  27.514,  28001,    7.620   17.930, 7.620000e+00,   50.005
  27.564,  28051,    7.620   21.620, 7.620000e+00,   50.001
  27.614,  28101,    7.620   23.200, 7.620000e+00,   50.000
  27.664,  28151,    7.620   22.210, 7.620000e+00,   50.066
  27.714,  28201,    7.620   19.250, 7.620000e+00,   50.004
  27.764,  28252,    7.710   14.900, 7.620000e+00,   50.004
  27.814,  28301,    7.620   10.020, 7.710000e+00,   50.005
  27.864,  28351,    7.620    5.670, 7.620000e+00,   50.019
  27.914,  28401,    7.710    2.900, 7.620000e+00,   50.003
  27.964,  28451,    7.620    2.180, 7.710000e+00,   50.005
  28.014,  28502,    7.620    3.490, 7.620000e+00,   50.000
  28.064,  28552,    7.710    6.660, 7.620000e+00,   50.006
  28.114,  28601,    7.620   10.680, 7.710000e+00,   50.008
  28.164,  28651,    7.620   15.030, 7.620000e+00,   50.009
  28.214,  28702,    7.620   18.590, 7.620000e+00,   50.003
  28.264,  28751,    7.620   20.570, 7.620000e+00,   50.010
  28.314,  28802,    7.620   20.570, 7.620000e+00,   50.009
  28.364,  28852,    7.620   18.790, 7.620000e+00,   50.010
  28.414,  28902,    7.710   15.690, 7.620000e+00,   50.005
  28.464,  28952,    7.620   11.870, 7.710000e+00,   50.008
  28.514,  29002,    7.620    8.170, 7.620000e+00,   50.011
  28.564,  29052,    7.620    5.340, 7.620000e+00,   50.008
  28.614,  29102,    7.620    4.090, 7.620000e+00,   50.001
  28.664,  29152,    7.620    4.750, 7.620000e+00,   50.005
  28.714,  29203,    7.620    6.720, 7.620000e+00,   50.011
  28.764,  29252,    7.620    9.890, 7.620000e+00,   50.010
  28.814,  29302,    7.620   13.320, 7.620000e+00,   50.003
  28.864,  29352,    7.620   16.350, 7.620000e+00,   50.005
  28.914,  29404,    7.710   18.330, 7.620000e+00,   50.011
  28.964,  29453,    7.620   18.850, 7.710000e+00,   50.006
  29.014,  29503,    7.620   17.930, 7.620000e+00,   50.009
  29.064,  29553,    7.620   15.690, 7.620000e+00,   50.005
  29.114,  29602,    7.620   12.790, 7.620000e+00,   50.011
  29.164,  29654,    7.620    9.620, 7.620000e+00,   50.007
  29.214,  29704,    7.620    7.190, 7.620000e+00,   50.004
  29.264,  29754,    7.710    5.800, 7.620000e+00,   50.005
  29.314,  29803,    7.620    5.800, 7.710000e+00,   50.028
  29.364,  29854,    7.620    7.120, 7.620000e+00,   50.010
  29.414,  29904,    7.710    9.360, 7.620000e+00,   50.017
  29.464,  29954,    7.620   12.190, 7.710000e+00,   50.042
  29.514,  30004,    7.620   14.770, 7.620000e+00,   50.010
  29.564,  30055,    7.710   16.680, 7.620000e+00,   50.006
  29.614,  30104,    7.620   17.400, 7.710000e+00,   50.040
  29.664,  30154,    7.620   16.940, 7.620000e+00,   50.007
  29.714,  30204,    7.620   15.560, 7.620000e+00,   50.007
  29.764,  30255,    7.710   13.450, 7.620000e+00,   50.022
  29.814,  30305,    7.620   10.940, 7.710000e+00,   50.007
  29.864,  30355,    7.620    8.770, 7.620000e+00,   50.034
  29.914,  30405,    7.620    7.380, 7.620000e+00,   50.011
  29.964,  30454,    7.620    6.990, 7.620000e+00,   50.004
  30.014,  30504,    7.620    7.710, 7.620000e+00,   50.008
  30.064,  30555,    7.710    9.360, 7.620000e+00,   50.006
  30.114,  30605,    7.620   11.400, 7.710000e+00,   50.004
  30.164,  30655,    7.620   13.510, 7.620000e+00,   50.007
  30.214,  30705,    7.620   15.160, 7.620000e+00,   50.006
  30.264,  30755,    7.710   16.080, 7.620000e+00,   50.006
  30.314,  30804,    7.620   15.950, 7.710000e+00,   50.010
  30.364,  30856,    7.620   15.030, 7.620000e+00,   50.000
  30.414,  30906,    7.620   13.450, 7.620000e+00,   50.003
  30.464,  30955,    7.620   11.600, 7.620000e+00,   50.003
  30.514,  31005,    7.620    9.820, 7.620000e+00,   50.006
  30.564,  31056,    7.620    8.570, 7.620000e+00,   50.015
  30.614,  31106,    7.620    8.170, 7.620000e+00,   50.001
  30.664,  31156,    7.620    8.700, 7.620000e+00,   50.004
  30.714,  31206,    7.620    9.760, 7.620000e+00,   50.005
  30.764,  31256,    7.620   11.340, 7.620000e+00,   50.006
  30.814,  31305,    7.620   12.920, 7.620000e+00,   50.008
  30.864,  31356,    7.620   14.240, 7.620000e+00,   50.002
  30.914,  31407,    7.620   14.900, 7.620000e+00,   50.008
  30.964,  31456,    7.620   15.030, 7.620000e+00,   50.000
  31.014,  31506,    7.620   14.300, 7.620000e+00,   50.011
  31.064,  31557,    7.620   13.180, 7.620000e+00,   50.012
  31.114,  31607,    7.620   11.870, 7.620000e+00,   50.009
  31.164,  31656,    7.620   10.550, 7.620000e+00,   50.005
  31.214,  31708,    7.620    9.490, 7.620000e+00,   50.015
  31.264,  31757,    7.710    9.100, 7.620000e+00,   50.005
  31.314,  31806,    7.620    9.360, 7.710000e+00,   50.006
  31.364,  31857,    7.620   10.150, 7.620000e+00,   50.005
  31.414,  31907,    7.620   11.210, 7.620000e+00,   50.013
  31.464,  31956,    7.710   12.390, 7.620000e+00,   50.000
  31.514,  32008,    7.620   13.320, 7.710000e+00,   50.009
  31.564,  32058,    7.620   13.970, 7.620000e+00,   50.046
  31.614,  32108,    7.710   14.110, 7.620000e+00,   50.008
  31.664,  32157,    7.620   13.780, 7.710000e+00,   50.009
  31.714,  32207,    7.620   12.990, 7.620000e+00,   50.020
  31.764,  32258,    7.710   12.000, 7.620000e+00,   50.004
  31.814,  32308,    7.620   11.140, 7.710000e+00,   50.001
  31.865,  32358,    7.620   10.350, 7.620000e+00,   50.030
  31.915,  32408,    7.620   10.090, 7.620000e+00,   50.016
  31.965,  32458,    7.710   10.150, 7.620000e+00,   50.002
  32.015,  32507,    7.620   10.610, 7.710000e+00,   50.000
  32.065,  32558,    7.620   11.210, 7.620000e+00,   50.003
  32.115,  32609,    7.620   12.130, 7.620000e+00,   50.008
  32.165,  32659,    7.710   12.720, 7.620000e+00,   50.003
  32.215,  32708,    7.620   13.180, 7.710000e+00,   50.006
  32.265,  32758,    7.620   13.250, 7.620000e+00,   50.002
  32.315,  32808,    7.620   13.050, 7.620000e+00,   50.007
  32.365,  32858,    7.710   12.660, 7.620000e+00,   50.001
  32.415,  32909,    7.620   12.000, 7.710000e+00,   50.013
  32.465,  32959,    7.620   11.400, 7.620000e+00,   50.003
  32.515,  33009,    7.710   10.940, 7.620000e+00,   50.001
  32.565,  33058,    7.620   10.810, 7.710000e+00,   50.001
  32.615,  33108,    7.620   10.880, 7.620000e+00,   50.005
  32.665,  33159,    7.620   11.140, 7.620000e+00,   50.004
  32.715,  33209,    7.620   11.600, 7.620000e+00,   50.010
  32.765,  33259,    7.620   12.000, 7.620000e+00,   50.000
  32.815,  33309,    7.620   12.390, 7.620000e+00,   50.009
  32.865,  33359,    7.710   12.660, 7.620000e+00,   50.001
  32.915,  33409,    7.620   12.660, 7.710000e+00,   50.007
  32.965,  33460,    7.620   12.390, 7.620000e+00,   50.000
  33.015,  33510,    7.620   12.130, 7.620000e+00,   50.002
  33.065,  33560,    7.620   11.730, 7.620000e+00,   50.065
  33.115,  33609,    7.620   11.470, 7.620000e+00,   50.002
  33.165,  33660,    7.620   11.340, 7.620000e+00,   50.010
  33.215,  33711,    7.710   11.340, 7.620000e+00,   50.003
  33.265,  33760,    7.620   11.400, 7.710000e+00,   50.005
  33.315,  33810,    7.620   11.670, 7.620000e+00,   50.002
  33.365,  33860,    7.620   11.930, 7.620000e+00,   50.023
  33.415,  33910,    7.710   12.130, 7.620000e+00,   50.008
  33.465,  33960,    7.620   12.190, 7.710000e+00,   50.000
  33.515,  34011,    7.620   12.130, 7.620000e+00,   50.014
  33.565,  34061,    7.620   12.130, 7.620000e+00,   50.004
  33.615,  34110,    7.620    3.230, 7.620000e+00,   50.017
  33.665,  34161,    7.620   -5.470, 7.620000e+00,   50.032
  33.715,  34211,    7.620  -10.150, 7.620000e+00,   50.016
  33.765,  34262,    7.620   -9.890, 7.620000e+00,   50.045
  33.815,  34311,    7.620   -5.140, 7.620000e+00,   50.046
  33.865,  34361,    7.620    3.160, 7.620000e+00,   50.032
  33.915,  34412,    7.710   13.320, 7.620000e+00,   50.011
  33.965,  34461,    7.620   22.810, 7.710000e+00,   50.005
  34.015,  34511,    7.620   29.930, 7.620000e+00,   50.011
  34.065,  34562,    7.710   33.020, 7.620000e+00,   50.009
  34.115,  34611,    7.620   31.900, 7.710000e+00,   50.005
  34.165,  34662,    7.620   26.890, 7.620000e+00,   50.016
  34.215,  34712,    7.620   19.050, 7.620000e+00,   50.006
  34.265,  34762,    7.710   10.020, 7.620000e+00,   50.002
  34.315,  34811,    7.620    1.580, 7.710000e+00,   50.005
  34.365,  34862,    7.620   -4.480, 7.620000e+00,   50.001
  34.415,  34913,    7.620   -6.860, 7.620000e+00,   50.006
  34.465,  34962,    7.620   -5.140, 7.620000e+00,   50.002
  34.515,  35012,    7.620    0.070, 7.620000e+00,   50.003
  34.565,  35062,    7.620    7.710, 7.620000e+00,   50.007
  34.615,  35111,    7.620   16.220, 7.620000e+00,   50.001
  34.665,  35162,    7.620   23.600, 7.620000e+00,   50.009
  34.715,  35213,    7.620   28.480, 7.620000e+00,   50.003
  34.765,  35263,    7.710   29.600, 7.620000e+00,   50.006
  34.815,  35312,    7.620   27.290, 7.710000e+00,   50.006
  34.865,  35362,    7.620   21.950, 7.620000e+00,   50.019
  34.918,  35416,    7.620   14.300, 7.620000e+00,   52.708
  34.968,  35466,    7.620    6.720, 7.620000e+00,   50.005
  35.018,  35515,    7.620    0.400, 7.620000e+00,   50.010
  35.068,  35566,    7.620   -3.360, 7.620000e+00,   50.001
  35.118,  35616,    7.710   -3.690, 7.620000e+00,   50.005
  35.168,  35665,    7.620   -0.790, 7.710000e+00,   50.001
  35.218,  35716,    7.620    4.810, 7.620000e+00,   50.008
  35.268,  35767,    7.710   11.930, 7.620000e+00,   50.000
  35.318,  35816,    7.620   18.790, 7.710000e+00,   50.006
  35.368,  35866,    7.620   24.060, 7.620000e+00,   50.001
  35.418,  35916,    7.620   26.700, 7.620000e+00,   50.000
  35.468,  35965,    7.620   26.100, 7.620000e+00,   50.001
  35.518,  36017,    7.620   22.680, 7.620000e+00,   50.001
  35.568,  36067,    7.620   17.270, 7.620000e+00,   50.003
  35.618,  36117,    7.710   10.810, 7.620000e+00,   50.001
  35.668,  36166,    7.620    4.750, 7.710000e+00,   50.000
  35.718,  36216,    7.620    0.330, 7.620000e+00,   50.001
  35.768,  36268,    7.710   -1.450, 7.620000e+00,   50.002
  35.818,  36317,    7.620   -0.260, 7.710000e+00,   50.005
  35.868,  36367,    7.620    3.300, 7.620000e+00,   50.011
  35.918,  36417,    7.710    8.770, 7.620000e+00,   50.007
  35.968,  36466,    7.620   14.770, 7.710000e+00,   50.006
  36.018,  36517,    7.620   20.100, 7.620000e+00,   50.000
  36.068,  36568,    7.620   23.470, 7.620000e+00,   50.001
  36.118,  36617,    7.620   24.260, 7.620000e+00,   50.002
  36.168,  36667,    7.620   22.540, 7.620000e+00,   50.004
  36.218,  36717,    7.620   18.720, 7.620000e+00,   50.006
  36.268,  36768,    7.710   13.510, 7.620000e+00,   50.009
  36.318,  36817,    7.620    8.170, 7.710000e+00,   50.003
  36.368,  36868,    7.620    3.820, 7.620000e+00,   50.000
  36.418,  36918,    7.620    1.320, 7.620000e+00,   50.002
  36.468,  36967,    7.620    1.050, 7.620000e+00,   50.001
  36.518,  37018,    7.620    3.230, 7.620000e+00,   50.003
  36.568,  37068,    7.710    7.120, 7.620000e+00,   50.006
  36.618,  37117,    7.620   12.000, 7.710000e+00,   50.009
  36.668,  37168,    7.620   16.680, 7.620000e+00,   50.003
  36.718,  37218,    7.620   20.300, 7.620000e+00,   50.004
  36.768,  37269,    7.710   22.020, 7.620000e+00,   50.007
  36.818,  37318,    7.620   21.490, 7.710000e+00,   50.011
  36.868,  37368,    7.620   19.120, 7.620000e+00,   50.004
  36.918,  37419,    7.710   15.420, 7.620000e+00,   50.003
  36.968,  37468,    7.620   11.070, 7.710000e+00,   50.001
  37.018,  37519,    7.620    6.920, 7.620000e+00,   50.005
  37.068,  37569,    7.620    4.020, 7.620000e+00,   50.012
  37.118,  37619,    7.710    3.030, 7.620000e+00,   50.002
  37.168,  37668,    7.620    3.820, 7.710000e+00,   50.008
  37.218,  37720,    7.620    6.460, 7.620000e+00,   50.000
  37.268,  37770,    7.620   10.150, 7.620000e+00,   50.007
  37.318,  37819,    7.620   14.240, 7.620000e+00,   50.006
  37.368,  37869,    7.620   17.530, 7.620000e+00,   50.001
  37.418,  37919,    7.620   19.780, 7.620000e+00,   50.007
  37.468,  37968,    7.620   20.170, 7.620000e+00,   50.008
  37.518,  38020,    7.620   18.850, 7.620000e+00,   50.008
  37.568,  38070,    7.620   16.220, 7.620000e+00,   50.003
  37.618,  38120,    7.710   12.790, 7.620000e+00,   50.007
  37.668,  38169,    7.620    9.290, 7.710000e+00,   50.000
  37.718,  38220,    7.620    6.390, 7.620000e+00,   50.005
  37.768,  38270,    7.710    4.880, 7.620000e+00,   50.011
  37.818,  38320,    7.620    4.880, 7.710000e+00,   50.006
  37.868,  38370,    7.620    6.460, 7.620000e+00,   50.006
  37.918,  38420,    7.710    9.100, 7.620000e+00,   50.004
  37.968,  38470,    7.620   12.460, 7.710000e+00,   50.008
  38.018,  38520,    7.620   15.420, 7.620000e+00,   50.006
  38.068,  38571,    7.620   17.730, 7.620000e+00,   50.006
  38.118,  38620,    7.620   18.720, 7.620000e+00,   50.006
  38.168,  38670,    7.620   18.260, 7.620000e+00,   50.014
  38.218,  38721,    7.620   16.610, 7.620000e+00,   50.001
  38.268,  38771,    7.710   13.970, 7.620000e+00,   50.008
  38.318,  38820,    7.620   11.070, 7.710000e+00,   50.009
  38.368,  38871,    7.620    8.310, 7.620000e+00,   50.005
  38.418,  38921,    7.620    6.590, 7.620000e+00,   50.007
  38.468,  38971,    7.710    6.060, 7.620000e+00,   50.003
  38.518,  39021,    7.620    6.720, 7.710000e+00,   50.004
  38.568,  39071,    7.620    8.570, 7.620000e+00,   50.004
  38.618,  39120,    7.620   11.140, 7.620000e+00,   50.005
  38.668,  39172,    7.620   13.840, 7.620000e+00,   50.009
  38.718,  39222,    7.620   15.950, 7.620000e+00,   50.010
  38.768,  39272,    7.710   17.200, 7.620000e+00,   50.008
  38.818,  39321,    7.620   17.270, 7.710000e+00,   50.003
  38.868,  39371,    7.620   16.350, 7.620000e+00,   50.005
  38.918,  39422,    7.620   14.370, 7.620000e+00,   50.010
  38.968,  39472,    7.710   12.130, 7.620000e+00,   50.012
  39.018,  39522,    7.620    9.820, 7.710000e+00,   50.011
  39.068,  39572,    7.620    8.040, 7.620000e+00,   50.002
  39.118,  39622,    7.710    7.190, 7.620000e+00,   50.001
  39.168,  39672,    7.620    7.380, 7.710000e+00,   50.005
  39.218,  39723,    7.620    8.570, 7.620000e+00,   50.007
  39.268,  39773,    7.710   10.420, 7.620000e+00,   50.010
  39.318,  39822,    7.620   12.460, 7.710000e+00,   50.009
  39.368,  39872,    7.620   14.370, 7.620000e+00,   50.005
  39.418,  39923,    7.620   15.620, 7.620000e+00,   50.008
  39.468,  39972,    7.620   16.080, 7.620000e+00,   50.009
  39.518,  40023,    7.620   15.560, 7.620000e+00,   50.003
  39.568,  40074,    7.620   14.240, 7.620000e+00,   50.010
  39.618,  40123,    7.710   12.520, 7.620000e+00,   50.006
  39.668,  40172,    7.620   10.680, 7.710000e+00,   50.009
  39.718,  40223,    7.620    9.230, 7.620000e+00,   50.009
  39.768,  40273,    7.620    8.310, 7.620000e+00,   50.001
  39.818,  40323,    7.620    8.170, 7.620000e+00,   50.000
  39.868,  40373,    7.620    8.960, 7.620000e+00,   50.011
  39.918,  40424,    7.620   10.350, 7.620000e+00,   50.003
  39.968,  40473,    7.620   11.930, 7.620000e+00,   50.008
  40.018,  40523,    7.620   13.450, 7.620000e+00,   50.001
  40.068,  40573,    7.620   14.570, 7.620000e+00,   50.010
  40.118,  40624,    7.620   15.030, 7.620000e+00,   50.007
  40.168,  40674,    7.620   14.770, 7.620000e+00,   50.008
  40.218,  40724,    7.620   13.840, 7.620000e+00,   50.008
  40.268,  40774,    7.620   12.660, 7.620000e+00,   50.009
  40.318,  40824,    7.620   11.210, 7.620000e+00,   50.004
  40.368,  40873,    7.620   10.020, 7.620000e+00,   50.016
  40.418,  40924,    7.620    9.230, 7.620000e+00,   50.002
  40.468,  40975,    7.710    9.030, 7.620000e+00,   50.011
  40.518,  41024,    7.620    9.490, 7.710000e+00,   50.008
  40.568,  41074,    7.620   10.420, 7.620000e+00,   50.006
  40.618,  41124,    7.620   11.600, 7.620000e+00,   50.001
  40.668,  41175,    7.710   12.720, 7.620000e+00,   50.008
  40.718,  41225,    7.620   13.710, 7.710000e+00,   50.003
  40.768,  41275,    7.620   14.110, 7.620000e+00,   50.001
  40.818,  41325,    7.710   14.040, 7.620000e+00,   50.004
  40.868,  41374,    7.620   13.510, 7.710000e+00,   50.005
  40.918,  41424,    7.620   12.660, 7.620000e+00,   50.004
  40.968,  41476,    7.620   11.670, 7.620000e+00,   50.004
  41.018,  41525,    7.710   10.680, 7.620000e+00,   50.002
  41.068,  41575,    7.620   10.090, 7.710000e+00,   50.003
  41.118,  41625,    7.620    9.820, 7.620000e+00,   50.008
  41.168,  41675,    7.710   10.020, 7.620000e+00,   50.000
  41.218,  41725,    7.620   10.550, 7.710000e+00,   50.016
  41.268,  41776,    7.620   11.340, 7.620000e+00,   50.016
  41.318,  41826,    7.620   12.190, 7.620000e+00,   50.016
  41.368,  41876,    7.710   12.790, 7.620000e+00,   50.004
  41.418,  41925,    7.620   13.250, 7.710000e+00,   50.001
  41.469,  41976,    7.620   13.320, 7.620000e+00,   50.009
  41.519,  42027,    7.620   13.180, 7.620000e+00,   50.007
  41.569,  42076,    7.620   12.660, 7.620000e+00,   50.004
  41.619,  42126,    7.620   12.000, 7.620000e+00,   50.002
  41.669,  42176,    7.620   11.340, 7.620000e+00,   50.010
  41.719,  42226,    7.710   10.810, 7.620000e+00,   50.002
  41.769,  42276,    7.620   10.550, 7.710000e+00,   50.013
  41.819,  42327,    7.620   10.550, 7.620000e+00,   50.006
  41.869,  42377,    7.620   10.810, 7.620000e+00,   50.007
  41.919,  42426,    7.620   11.340, 7.620000e+00,   50.010
  41.969,  42476,    7.620   11.870, 7.620000e+00,   50.003
  42.019,  42526,    7.620   12.260, 7.620000e+00,   50.010
  42.069,  42577,    7.710   12.660, 7.620000e+00,   50.004
  42.119,  42627,    7.620   12.720, 7.710000e+00,   50.004
  42.169,  42677,    7.620   12.660, 7.620000e+00,   50.001
  42.219,  42727,    7.620   12.390, 7.620000e+00,   50.006
  42.269,  42778,    7.710   12.000, 7.620000e+00,   50.000
  42.319,  42827,    7.620   11.600, 7.710000e+00,   50.000
  42.369,  42877,    7.620   11.210, 7.620000e+00,   50.007
  42.419,  42928,    7.620   11.070, 7.620000e+00,   50.002
  42.469,  42977,    7.710   11.070, 7.620000e+00,   50.010
  42.519,  43027,    7.620   11.210, 7.710000e+00,   50.004
  42.569,  43078,    7.620   11.470, 7.620000e+00,   50.689
  42.619,  43128,    7.710   11.730, 7.620000e+00,   50.007
  42.669,  43177,    7.620   12.000, 7.710000e+00,   50.005
  42.719,  43229,    7.620   12.190, 7.620000e+00,   50.008
  42.769,  43279,    7.620   12.260, 7.620000e+00,   50.004
  42.819,  43328,    7.620   12.190, 7.620000e+00,   50.005
  42.869,  43378,    7.620   12.000, 7.620000e+00,   50.001
  42.919,  43428,    7.620   11.870, 7.620000e+00,   50.010
  42.969,  43480,    7.710   11.670, 7.620000e+00,   50.011
  43.019,  43529,    7.620   11.470, 7.710000e+00,   50.006
  43.069,  43579,    7.620   11.400, 7.620000e+00,   50.007
  43.119,  43629,    7.620   11.470, 7.620000e+00,   50.005
  43.169,  43679,    7.710   11.600, 7.620000e+00,   50.006
  43.219,  43728,    7.620   11.730, 7.710000e+00,   50.004
  43.269,  43780,    7.620   11.870, 7.620000e+00,   50.005
  43.319,  43830,    7.620   11.930, 7.620000e+00,   50.003
  43.369,  43879,    7.620   11.930, 7.620000e+00,   50.010
  43.419,  43929,    7.620   11.930, 7.620000e+00,   50.007
  43.469,  43979,    7.620   11.870, 7.620000e+00,   50.008
  43.519,  44030,    7.620   11.730, 7.620000e+00,   50.002
  43.569,  44080,    7.620   11.670, 7.620000e+00,   50.001
  43.619,  44130,    7.620   11.670, 7.620000e+00,   50.001
  43.669,  44180,    7.620   11.670, 7.620000e+00,   50.001
  43.719,  44229,    7.620   11.670, 7.620000e+00,   50.004
  43.769,  44279,    7.620   11.730, 7.620000e+00,   50.010
  43.819,  44331,    7.620   11.870, 7.620000e+00,   50.002
  43.869,  44381,    7.710   11.930, 7.620000e+00,   50.006
  43.919,  44430,    7.620   11.930, 7.710000e+00,   50.004
  43.969,  44480,    7.620   11.930, 7.620000e+00,   50.006
  44.019,  44530,    7.620   11.870, 7.620000e+00,   50.008
  44.069,  44581,    7.620   11.870, 7.620000e+00,   50.002
  44.119,  44631,    7.620   11.730, 7.620000e+00,   50.001
  44.169,  44681,    7.620   11.730, 7.620000e+00,   50.006
  44.219,  44731,    7.620   11.730, 7.620000e+00,   50.000
  44.269,  44780,    7.620   11.730, 7.620000e+00,   50.000
  44.319,  44830,    7.620   11.730, 7.620000e+00,   50.001
  44.369,  44881,    7.620   11.870, 7.620000e+00,   50.009
  44.419,  44932,    7.710   11.870, 7.620000e+00,   50.017
  44.470,  44981,    7.620   11.870, 7.710000e+00,   50.010
  44.520,  45031,    7.620   11.870, 7.620000e+00,   50.009
  44.570,  45085,    7.620   11.870, 7.620000e+00,   50.006
  44.620,  45131,    7.620   11.870, 7.620000e+00,   50.010
  44.670,  45181,    7.620   11.730, 7.620000e+00,   50.005
  44.720,  45232,    7.620   11.870, 7.620000e+00,   50.010
  44.770,  45282,    7.710   11.870, 7.620000e+00,   50.001
  44.820,  45331,    7.620   11.870, 7.710000e+00,   50.008
  44.870,  45381,    7.620   11.870, 7.620000e+00,   50.004
  44.920,  45432,    7.620   11.870, 7.620000e+00,   50.001
  44.970,  45483,    7.620   11.730, 7.620000e+00,   50.005
  45.020,  45532,    7.620   11.730, 7.620000e+00,   50.006
  45.070,  45582,    7.620   11.730, 7.620000e+00,   50.006
  45.120,  45633,    7.620   11.730, 7.620000e+00,   50.011
  45.170,  45682,    7.620   11.870, 7.620000e+00,   50.002
  45.220,  45732,    7.620   11.870, 7.620000e+00,   50.006
  45.270,  45783,    7.620   11.870, 7.620000e+00,   50.006
  45.320,  45833,    7.710   11.870, 7.620000e+00,   50.010
  45.370,  45882,    7.620   11.870, 7.710000e+00,   50.002
  45.420,  45933,    7.620   11.730, 7.620000e+00,   50.001
  45.470,  45983,    7.620   11.730, 7.620000e+00,   50.009
  45.520,  46032,    7.620   11.730, 7.620000e+00,   50.000
  45.570,  46083,    7.620   11.870, 7.620000e+00,   50.005
  45.620,  46133,    7.620   11.870, 7.620000e+00,   50.011
  45.670,  46183,    7.710   11.870, 7.620000e+00,   50.008
  45.720,  46233,    7.620   11.870, 7.710000e+00,   50.007
  45.770,  46283,    7.620   11.870, 7.620000e+00,   50.009
  45.820,  46333,    7.620   11.730, 7.620000e+00,   50.002
  45.870,  46384,    7.620   11.730, 7.620000e+00,   50.005
  45.920,  46433,    7.620   11.730, 7.620000e+00,   50.002
  45.970,  46483,    7.620   11.730, 7.620000e+00,   50.010
  46.020,  46534,    7.620   11.870, 7.620000e+00,   50.004
  46.070,  46583,    7.710   11.870, 7.620000e+00,   50.008
  46.120,  46633,    7.620   11.870, 7.710000e+00,   50.000
  46.170,  46684,    7.620   11.870, 7.620000e+00,   50.006
  46.220,  46734,    7.710   11.870, 7.620000e+00,   50.006
  46.270,  46784,    7.620   11.870, 7.710000e+00,   50.003
  46.320,  46834,    7.620   11.870, 7.620000e+00,   50.001
  46.370,  46884,    7.620   11.870, 7.620000e+00,   50.002
  46.420,  46935,    7.710   11.870, 7.620000e+00,   50.000
  46.470,  46984,    7.620   11.870, 7.710000e+00,   50.009
  46.520,  47034,    7.620   11.870, 7.620000e+00,   50.000
  46.570,  47085,    7.620   11.870, 7.620000e+00,   50.009
  46.620,  47134,    7.620   11.730, 7.620000e+00,   50.000
  46.670,  47184,    7.620   11.870, 7.620000e+00,   50.000
  46.720,  47235,    7.620   11.870, 7.620000e+00,   50.008
  46.770,  47286,    7.710   11.870, 7.620000e+00,   50.003
  46.820,  47335,    7.620   11.870, 7.710000e+00,   50.002
  46.870,  47385,    7.620   11.870, 7.620000e+00,   50.003
  46.920,  47435,    7.620   11.870, 7.620000e+00,   50.004
  46.970,  47484,    7.620   11.870, 7.620000e+00,   50.003
  47.020,  47535,    7.620   11.870, 7.620000e+00,   50.004
  47.070,  47586,    7.620   11.870, 7.620000e+00,   50.005
  47.120,  47636,    7.710   11.730, 7.620000e+00,   50.002
  47.170,  47685,    7.620   11.730, 7.710000e+00,   50.003
  47.220,  47735,    7.620   11.730, 7.620000e+00,   50.003
  47.270,  47785,    7.620   11.870, 7.620000e+00,   50.002
  47.320,  47836,    7.620   11.730, 7.620000e+00,   50.011
  47.370,  47886,    7.620   11.730, 7.620000e+00,   50.007
  47.420,  47936,    7.620   11.730, 7.620000e+00,   50.008
  47.470,  47986,    7.620   11.730, 7.620000e+00,   50.008
  47.520,  48035,    7.620   11.730, 7.620000e+00,   50.005
  47.570,  48086,    7.620   11.730, 7.620000e+00,   50.005
  47.622,  48139,    7.620   11.870, 7.620000e+00,   52.293
  47.672,  48189,    7.620   11.730, 7.620000e+00,   50.006
  47.722,  48238,    7.620   11.870, 7.620000e+00,   50.000
  47.772,  48288,    7.620   11.870, 7.620000e+00,   50.003
  47.822,  48338,    7.620   11.870, 7.620000e+00,   50.009
  47.872,  48389,    7.620   11.870, 7.620000e+00,   50.008
  47.922,  48439,    7.620   11.870, 7.620000e+00,   50.008
  47.972,  48489,    7.620   11.870, 7.620000e+00,   50.011
  48.022,  48539,    7.620   11.870, 7.620000e+00,   50.000
  48.072,  48588,    7.620   11.870, 7.620000e+00,   50.010
  48.122,  48638,    7.620   11.870, 7.620000e+00,   50.006
  48.172,  48690,    7.620   11.870, 7.620000e+00,   50.001
  48.222,  48740,    7.620   11.870, 7.620000e+00,   50.002
  48.272,  48789,    7.620   11.870, 7.620000e+00,   50.003
  48.322,  48839,    7.620   11.870, 7.620000e+00,   50.008
  48.372,  48889,    7.620   11.870, 7.620000e+00,   50.006
  48.422,  48940,    7.620   11.870, 7.620000e+00,   50.003
  48.472,  48990,    7.620   11.870, 7.620000e+00,   50.003
  48.522,  49040,    7.620   11.870, 7.620000e+00,   50.009
  48.572,  49090,    7.710   11.870, 7.620000e+00,   50.009
  48.622,  49139,    7.620   11.870, 7.710000e+00,   50.000
  48.672,  49189,    7.620   11.870, 7.620000e+00,   50.011
  48.722,  49241,    7.620   11.870, 7.620000e+00,   50.008
  48.772,  49291,    7.620   11.870, 7.620000e+00,   50.003
  48.822,  49340,    7.620   11.870, 7.620000e+00,   50.009
  48.872,  49390,    7.620   11.930, 7.620000e+00,   50.008
  48.922,  49440,    7.620   11.870, 7.620000e+00,   50.000
  48.972,  49490,    7.710   11.930, 7.620000e+00,   50.008
  49.022,  49541,    7.620   11.870, 7.710000e+00,   50.007
  49.072,  49591,    7.620   11.870, 7.620000e+00,   50.002
  49.122,  49641,    7.710   11.870, 7.620000e+00,   50.001
  49.172,  49690,    7.620   11.870, 7.710000e+00,   50.000
  49.222,  49740,    7.620   11.870, 7.620000e+00,   50.010
  49.272,  49792,    7.620   11.870, 7.620000e+00,   50.003
  49.322,  49841,    7.620   11.870, 7.620000e+00,   50.007
  49.372,  49891,    7.620   11.870, 7.620000e+00,   50.001
  49.422,  49941,    7.620   11.870, 7.620000e+00,   50.011
  49.472,  49991,    7.710   11.870, 7.620000e+00,   50.003
  49.522,  50041,    7.620   11.870, 7.710000e+00,   50.010
  49.572,  50092,    7.620   11.930, 7.620000e+00,   50.007
  49.622,  50142,    7.620   11.930, 7.620000e+00,   50.007
  49.672,  50191,    7.710   11.930, 7.620000e+00,   50.000
  49.722,  50241,    7.620   11.930, 7.710000e+00,   50.008
  49.772,  50291,    7.620   11.930, 7.620000e+00,   50.007
  49.822,  50342,    7.620   11.930, 7.620000e+00,   50.002
  49.872,  50392,    7.620   11.930, 7.620000e+00,   50.009
  49.922,  50442,    7.620   11.930, 7.620000e+00,   50.009
  49.972,  50492,    7.620   11.930, 7.620000e+00,   50.000
  50.022,  50543,    7.810   11.870, 7.620000e+00,   50.010
  50.072,  50592,    7.620   11.930, 7.810000e+00,   50.004
  50.122,  50642,    7.620   11.930, 7.620000e+00,   50.006
  50.172,  50693,    7.620   11.930, 7.620000e+00,   50.005
  50.222,  50742,    7.620   11.930, 7.620000e+00,   50.002
  50.272,  50792,    7.620   11.930, 7.620000e+00,   50.005
  50.322,  50843,    7.620   11.870, 7.620000e+00,   50.005
  50.372,  50893,    7.710   11.930, 7.620000e+00,   50.021
  50.422,  50942,    7.620   11.870, 7.710000e+00,   50.000
  50.472,  50993,    7.620   11.930, 7.620000e+00,   50.006
  50.522,  51043,    7.620   11.930, 7.620000e+00,   50.010
  50.572,  51093,    7.710   11.930, 7.620000e+00,   50.007
  50.622,  51143,    7.620   11.930, 7.710000e+00,   50.001
  50.672,  51193,    7.620   11.930, 7.620000e+00,   50.008
  50.722,  51244,    7.620   11.930, 7.620000e+00,   50.005
  50.772,  51293,    7.710   11.930, 7.620000e+00,   50.000
  50.822,  51343,    7.620   11.870, 7.710000e+00,   50.008
  50.872,  51393,    7.620   11.870, 7.620000e+00,   50.006
  50.922,  51444,    7.810   11.930, 7.620000e+00,   50.004
  50.972,  51493,    7.620   11.930, 7.810000e+00,   50.004
  51.022,  51544,    7.620   11.930, 7.620000e+00,   50.008
  51.072,  51594,    7.620   11.930, 7.620000e+00,   50.000
  51.122,  51643,    7.620   11.930, 7.620000e+00,   50.001
  51.172,  51694,    7.620   11.930, 7.620000e+00,   50.003
  51.223,  51744,    7.620   11.870, 7.620000e+00,   50.010
  51.273,  51794,    7.710   11.870, 7.620000e+00,   50.003
  51.323,  51844,    7.620   11.870, 7.710000e+00,   50.003
  51.373,  51894,    7.620   11.930, 7.620000e+00,   50.008
  51.423,  51945,    7.710   11.930, 7.620000e+00,   50.001
  51.473,  51994,    7.620   11.930, 7.710000e+00,   50.006
  51.523,  52044,    7.620   11.930, 7.620000e+00,   50.002
  51.573,  52094,    7.620   11.930, 7.620000e+00,   50.009
  51.623,  52145,    7.710   11.930, 7.620000e+00,   50.000
  51.673,  52194,    7.620   11.930, 7.710000e+00,   50.003
  51.723,  52245,    7.620   11.930, 7.620000e+00,   50.003
  51.773,  52295,    7.620   11.930, 7.620000e+00,   50.002
  51.823,  52345,    7.620   11.930, 7.620000e+00,   50.003
  51.873,  52395,    7.620   11.930, 7.620000e+00,   50.002
  51.923,  52445,    7.620   11.930, 7.620000e+00,   50.000
  51.973,  52496,    7.620   11.930, 7.620000e+00,   50.006
  52.023,  52545,    7.620   11.870, 7.620000e+00,   50.003
  52.073,  52595,    7.620   11.870, 7.620000e+00,   50.004
  52.123,  52645,    7.620   11.930, 7.620000e+00,   50.004
  52.173,  52696,    7.710   11.930, 7.620000e+00,   50.010
  52.223,  52745,    7.620   11.930, 7.710000e+00,   50.008
  52.273,  52796,    7.620   11.930, 7.620000e+00,   50.004
  52.323,  52846,    7.620   11.930, 7.620000e+00,   50.002
  52.373,  52895,    7.620   11.930, 7.620000e+00,   50.007
  52.423,  52945,    7.620   11.930, 7.620000e+00,   50.006
  52.473,  52996,    7.620   11.870, 7.620000e+00,   50.011
  52.523,  53047,    7.710   11.870, 7.620000e+00,   50.011
  52.573,  53096,    7.620   11.870, 7.710000e+00,   50.001
  52.623,  53146,    7.620   11.930, 7.620000e+00,   50.002
  52.673,  53196,    7.620   11.930, 7.620000e+00,   50.004
  52.723,  53246,    7.620   11.930, 7.620000e+00,   50.011
  52.773,  53297,    7.620   11.930, 7.620000e+00,   50.000
  52.823,  53347,    7.620   11.930, 7.620000e+00,   50.005
  52.873,  53397,    7.620   11.870, 7.620000e+00,   50.007
  52.923,  53446,    7.620   11.870, 7.620000e+00,   50.011
  52.973,  53496,    7.620   11.870, 7.620000e+00,   50.025
  53.023,  53547,    7.620   11.870, 7.620000e+00,   50.008
  53.073,  53598,    7.710   11.870, 7.620000e+00,   50.008
  53.123,  53647,    7.620   11.930, 7.710000e+00,   50.002
  53.173,  53697,    7.620   11.930, 7.620000e+00,   50.002
  53.223,  53747,    7.620   11.930, 7.620000e+00,   50.003
  53.273,  53796,    7.710   11.870, 7.620000e+00,   50.007
  53.323,  53848,    7.620   11.870, 7.710000e+00,   50.010
  53.373,  53898,    7.620   11.870, 7.620000e+00,   50.010
  53.423,  53948,    7.620   11.870, 7.620000e+00,   50.011
  53.473,  53998,    7.620   11.870, 7.620000e+00,   50.023
  53.523,  54047,    7.620   11.870, 7.620000e+00,   50.002
  53.573,  54098,    7.620   11.870, 7.620000e+00,   50.011
  53.623,  54149,    7.810   11.870, 7.620000e+00,   50.010
  53.673,  54198,    7.620   11.870, 7.810000e+00,   50.001
  53.723,  54248,    7.620   11.870, 7.620000e+00,   50.002
  53.773,  54298,    7.620   11.870, 7.620000e+00,   50.011
  53.823,  54347,    7.620   11.870, 7.620000e+00,   50.006
  53.873,  54398,    7.620   11.870, 7.620000e+00,   50.006
  53.923,  54449,    7.620   11.870, 7.620000e+00,   50.008
  53.973,  54499,    7.710   11.870, 7.620000e+00,   50.008
  54.023,  54548,    7.620   11.870, 7.710000e+00,   50.005
  54.073,  54598,    7.620   11.870, 7.620000e+00,   50.006
  54.123,  54648,    7.620   11.870, 7.620000e+00,   50.010
  54.173,  54700,    7.620   11.870, 7.620000e+00,   50.005
  54.223,  54749,    7.620   11.870, 7.620000e+00,   50.002
  54.273,  54799,    7.620   11.870, 7.620000e+00,   50.011
  54.323,  54849,    7.620   11.870, 7.620000e+00,   50.002
  54.373,  54898,    7.620   11.870, 7.620000e+00,   50.002
  54.423,  54948,    7.620   11.870, 7.620000e+00,   50.006
  54.473,  55000,    7.620   11.870, 7.620000e+00,   50.005
  54.523,  55050,    7.810   11.870, 7.620000e+00,   50.009
  54.573,  55099,    7.620   11.870, 7.810000e+00,   50.006
  54.623,  55149,    7.620   11.870, 7.620000e+00,   50.007
  54.673,  55199,    7.620   11.870, 7.620000e+00,   50.009
  54.723,  55249,    7.620   11.870, 7.620000e+00,   50.001
  54.773,  55300,    7.620   11.870, 7.620000e+00,   50.008
  54.823,  55350,    7.620   11.870, 7.620000e+00,   50.012
  54.873,  55400,    7.710   11.870, 7.620000e+00,   50.011
  54.923,  55449,    7.620   11.870, 7.710000e+00,   50.000
  54.973,  55500,    7.620   11.870, 7.620000e+00,   50.009
  55.023,  55550,    7.620   11.870, 7.620000e+00,   50.012
  55.073,  55601,    7.710   11.870, 7.620000e+00,   50.003
  55.123,  55650,    7.620   11.870, 7.710000e+00,   50.000
  55.173,  55700,    7.620   11.870, 7.620000e+00,   50.012
  55.223,  55750,    7.620   11.870, 7.620000e+00,   50.005
  55.273,  55800,    7.620   11.870, 7.620000e+00,   50.002
  55.323,  55851,    7.620   11.870, 7.620000e+00,   50.012
  55.373,  55901,    7.620   11.730, 7.620000e+00,   50.002
  55.423,  55951,    7.710   11.730, 7.620000e+00,   50.005
  55.473,  56000,    7.620   11.730, 7.710000e+00,   50.007
  55.523,  56051,    7.620   11.730, 7.620000e+00,   50.005
  55.573,  56101,    7.620   11.730, 7.620000e+00,   50.003
  55.623,  56151,    7.620   11.730, 7.620000e+00,   50.000
  55.673,  56201,    7.620   11.870, 7.620000e+00,   50.002
  55.723,  56251,    7.620   11.870, 7.620000e+00,   50.005
  55.773,  56301,    7.620   11.870, 7.620000e+00,   50.001
  55.823,  56351,    7.620   11.730, 7.620000e+00,   50.002
  55.873,  56401,    7.620   11.730, 7.620000e+00,   50.008
  55.923,  56452,    7.620   11.730, 7.620000e+00,   50.004
  55.973,  56502,    7.710   11.730, 7.620000e+00,   50.004
  56.023,  56551,    7.620   11.730, 7.710000e+00,   50.003
  56.073,  56602,    7.620   11.730, 7.620000e+00,   50.009
  56.123,  56652,    7.620   11.870, 7.620000e+00,   50.002
  56.173,  56701,    7.620   11.870, 7.620000e+00,   50.004
  56.223,  56752,    7.620   11.870, 7.620000e+00,   50.005
  56.273,  56802,    7.620   11.730, 7.620000e+00,   50.004
  56.323,  56852,    7.710   11.730, 7.620000e+00,   50.003
  56.373,  56902,    7.620   11.730, 7.710000e+00,   50.007
  56.423,  56952,    7.620   11.730, 7.620000e+00,   50.004
  56.473,  57003,    7.620   11.870, 7.620000e+00,   50.000
  56.523,  57053,    7.620   11.870, 7.620000e+00,   50.005
  56.573,  57102,    7.620   11.870, 7.620000e+00,   50.001
  56.623,  57152,    7.620   11.870, 7.620000e+00,   50.009
  56.673,  57203,    7.620   11.870, 7.620000e+00,   50.000
  56.723,  57252,    7.620   11.730, 7.620000e+00,   50.009
  56.773,  57303,    7.620   11.730, 7.620000e+00,   50.004
  56.823,  57353,    7.620   11.730, 7.620000e+00,   50.002
  56.873,  57403,    7.710   11.730, 7.620000e+00,   50.007
  56.923,  57452,    7.620   11.870, 7.710000e+00,   50.001
  56.973,  57503,    7.620   11.730, 7.620000e+00,   50.005
  57.023,  57553,    7.620   11.730, 7.620000e+00,   50.009
  57.073,  57604,    7.620   11.730, 7.620000e+00,   50.008
  57.123,  57653,    7.620   11.730, 7.620000e+00,   50.009
  57.173,  57703,    7.620   11.730, 7.620000e+00,   50.004
  57.223,  57754,    7.620   11.870, 7.620000e+00,   50.004
  57.273,  57803,    7.620   11.870, 7.620000e+00,   50.003
  57.323,  57853,    7.620   11.870, 7.620000e+00,   50.001
  57.373,  57904,    7.620   11.730, 7.620000e+00,   50.009
  57.423,  57954,    7.710   11.870, 7.620000e+00,   50.001
  57.473,  58003,    7.620   11.730, 7.710000e+00,   50.005
  57.523,  58054,    7.620   11.730, 7.620000e+00,   50.002
  57.573,  58104,    7.620   11.730, 7.620000e+00,   50.006
  57.623,  58153,    7.620   11.870, 7.620000e+00,   50.000
  57.673,  58204,    7.620   11.730, 7.620000e+00,   50.001
  57.723,  58254,    7.620   11.730, 7.620000e+00,   50.001
  57.773,  58305,    7.620   11.730, 7.620000e+00,   50.009
  57.823,  58354,    7.620   11.730, 7.620000e+00,   50.000
  57.873,  58404,    7.620   11.730, 7.620000e+00,   50.005
  57.923,  58455,    7.620   11.730, 7.620000e+00,   50.007
  57.973,  58505,    7.810   11.730, 7.620000e+00,   50.004
  58.023,  58554,    7.620   11.870, 7.810000e+00,   50.009
  58.073,  58605,    7.620   11.870, 7.620000e+00,   50.003
  58.123,  58655,    7.620   11.870, 7.620000e+00,   50.005
  58.173,  58704,    7.620   11.870, 7.620000e+00,   50.000
  58.223,  58755,    7.620   11.730, 7.620000e+00,   50.009
  58.273,  58805,    7.620   11.730, 7.620000e+00,   50.006
  58.323,  58856,    7.710   11.730, 7.620000e+00,   50.000
  58.373,  58905,    7.620   11.730, 7.710000e+00,   50.006
  58.423,  58955,    7.620   11.870, 7.620000e+00,   50.007
  58.473,  59005,    7.620   11.870, 7.620000e+00,   50.000
  58.523,  59055,    7.620   11.870, 7.620000e+00,   50.006
  58.573,  59105,    7.620   11.870, 7.620000e+00,   50.001
  58.623,  59156,    7.620   11.730, 7.620000e+00,   50.002
  58.673,  59206,    7.710   11.730, 7.620000e+00,   50.001
  58.723,  59255,    7.620   11.730, 7.710000e+00,   50.004
  58.773,  59305,    7.620   11.870, 7.620000e+00,   50.007
  58.823,  59356,    7.620   11.870, 7.620000e+00,   50.004
  58.873,  59407,    7.710   11.870, 7.620000e+00,   50.006
  58.923,  59456,    7.620   11.870, 7.710000e+00,   50.003
  58.973,  59506,    7.620   11.730, 7.620000e+00,   50.001
  59.023,  59556,    7.620   11.730, 7.620000e+00,   50.010
  59.073,  59606,    7.620   11.730, 7.620000e+00,   50.010
  59.123,  59656,    7.620   11.730, 7.620000e+00,   50.004
  59.173,  59707,    7.620   11.870, 7.620000e+00,   50.006
  59.223,  59757,    7.710   11.870, 7.620000e+00,   50.006
  59.273,  59806,    7.620   11.870, 7.710000e+00,   50.006
  59.323,  59856,    7.620   11.870, 7.620000e+00,   50.005
  59.373,  59907,    7.620   11.730, 7.620000e+00,   50.009
  59.423,  59957,    7.620   11.730, 7.620000e+00,   50.010
  59.473,  60007,    7.620   11.730, 7.620000e+00,   50.000
  59.523,  60057,    7.620   11.730, 7.620000e+00,   50.001
  59.573,  60107,    7.710   11.870, 7.620000e+00,   50.006
  59.623,  60156,    7.620   11.870, 7.710000e+00,   50.002
  59.673,  60208,    7.620   11.870, 7.620000e+00,   50.036
  59.723,  60258,    7.620   11.870, 7.620000e+00,   50.006
  59.773,  60308,    7.620   11.870, 7.620000e+00,   50.010
  59.823,  60357,    7.620   11.730, 7.620000e+00,   50.001
  59.873,  60407,    7.620   11.730, 7.620000e+00,   50.014
  59.923,  60457,    7.620   11.730, 7.620000e+00,   50.004
  59.973,  60508,    7.620   11.730, 7.620000e+00,   50.011
  60.023,  60558,    7.620   11.870, 7.620000e+00,   50.006
