   0.050,   1603,    3.030    0.000,      0,   50.019
   1.592,   1695,    0.000    0.000,      3, 1542.159
   1.660,   1762,    0.000    0.000,      0,   68.021
   1.710,   1810,    0.000    0.070,      0,   50.006
   1.760,   1862,    0.000    0.070,      0,   50.009
   1.825,   1925,    0.000    0.000,      0,   64.429
   1.875,   1974,    0.000    0.000,      0,   50.004
   1.925,   2025,    0.000    0.000,      0,   50.008
   1.975,   2074,    0.000    0.000,      0,   50.009
   2.025,   2125,    0.000    0.000,      0,   50.127
   2.075,   2176,    0.000    0.070,      0,   50.448
   2.125,   2226,    0.000    0.070,      0,   50.005
   2.175,   2275,    0.000    0.000,      0,   50.000
   2.225,   2326,    0.000    0.000,      0,   50.002
   2.275,   2375,    0.000    0.000,      0,   50.002
   2.325,   2426,    0.000    0.000,      0,   50.007
   2.375,   2476,    0.000    0.000,      0,   50.010
   2.425,   2527,    0.000    0.000,      0,   50.012
   2.475,   2576,    0.000    0.000,      0,   50.004
   2.525,   2626,    0.000    0.000,      0,   50.004
   2.575,   2676,    0.000    0.000,      0,   50.011
   2.625,   2726,    0.000    0.000,      0,   50.000
   2.675,   2777,    0.000    0.000,      0,   50.004
   2.725,   2827,    0.000    0.000,      0,   50.005
   2.775,   2877,    0.000    0.000,      0,   50.004
   2.825,   2927,    0.000    0.000,      0,   50.000
   2.875,   2976,    0.000    0.000,      0,   50.003
   2.925,   3027,    0.000    0.000,      0,   50.009
   2.975,   3077,    0.000    0.000,      0,   50.004
   3.025,   3128,    0.000    0.000,      0,   50.007
   3.075,   3177,    0.000    0.000,      0,   50.009
   3.125,   3228,    0.000    0.000,      0,   50.013
   3.175,   3277,    0.000    0.000,      0,   50.003
   3.225,   3328,    0.000    0.000,      0,   50.009
   3.275,   3378,    0.000    0.000,      0,   50.008
   3.325,   3427,    0.000    0.000,      0,   50.010
   3.375,   3478,    0.000    0.000,      0,   50.008
   3.425,   3527,    0.000    0.000,      0,   50.007
   3.475,   3577,    0.000    0.000,      0,   50.001
   3.525,   3628,    0.000    0.000,      0,   50.010
   3.575,   3678,    0.000    0.000,      0,   50.000
   3.625,   3728,    0.000    0.000,      0,   50.004
   3.675,   3778,    0.000    0.000,      0,   50.004
   3.725,   3828,    0.000    0.000,      0,   50.009
   3.775,   3878,    1.270    0.000,      0,   50.001
   3.825,   3928,    3.520    0.000,      1,   50.005
   3.875,   3979,    4.200    0.000,      4,   50.000
   3.925,   4028,    4.390    0.070,      4,   50.002
   3.975,   4078,    4.590    0.130,      4,   50.011
   4.025,   4129,    4.590    0.330,      5,   50.002
   4.075,   4178,    4.590    0.590,      5,   50.009
   4.125,   4229,    4.590    1.190,      5,   50.000
   4.175,   4279,    4.590    2.240,      5,   50.005
   4.225,   4329,    4.590    3.560,      5,   50.007
   4.275,   4379,    4.790    5.140,      5,   50.002
   4.325,   4429,    4.590    6.720,      5,   50.008
   4.375,   4480,    4.590    7.910,      5,   50.002
   4.425,   4529,    4.590    8.570,      5,   50.002
   4.475,   4580,    4.590    8.570,      5,   50.005
   4.525,   4629,    4.590    8.170,      5,   50.004
   4.575,   4679,    4.590    7.450,      5,   50.005
   4.626,   4730,    4.590    6.460,      5,   50.007
   4.676,   4780,    4.590    5.670,      5,   50.003
   4.726,   4830,    4.590    5.080,      5,   50.000
   4.776,   4880,    4.590    4.810,      5,   50.002
   4.826,   4930,    4.590    5.010,      5,   50.003
   4.876,   4980,    4.590    5.540,      5,   50.005
   4.926,   5030,    4.590    6.200,      5,   50.000
   4.976,   5081,    4.590    6.920,      5,   50.009
   5.026,   5130,    4.590    7.510,      5,   50.003
   5.076,   5181,    4.590    7.910,      5,   50.010
   5.126,   5230,    4.590    7.980,      5,   50.001
   5.176,   5280,    4.590    7.710,      5,   50.010
   5.226,   5330,    4.690    7.250,      5,   50.003
   5.276,   5381,    4.590    6.720,      5,   50.011
   5.326,   5432,    4.590    6.200,      5,   50.722
   5.376,   5481,    4.590    5.870,      5,   50.011
   5.426,   5531,    4.590    5.670,      5,   50.006
   5.476,   5581,    4.590    5.800,      5,   50.002
   5.526,   5632,    4.590    6.060,      5,   50.000
   5.576,   5683,    4.590    6.390,      5,   50.008
   5.626,   5732,    4.590    6.720,      5,   50.002
   5.676,   5782,    4.690    7.120,      5,   50.004
   5.726,   5831,    4.690    7.190,      5,   50.009
   5.776,   5882,    4.880    7.190,      5,   50.002
   5.826,   5933,    5.470    6.990,      5,   50.010
   5.876,   5983,    6.740    6.720,      5,   50.021
   5.926,   6033,    7.520    6.460,      7,   50.011
   5.976,   6082,    7.910    6.390,      8,   50.009
   6.026,   6132,    8.110    6.660,      8,   50.000
   6.076,   6182,    8.300    7.450,      8,   50.009
   6.126,   6233,    8.500    8.770,      8,   50.005
   6.176,   6283,    8.890   10.550,      9,   50.001
   6.226,   6333,    9.080   12.390,      9,   50.012
   6.276,   6383,    9.280   14.110,      9,   50.000
   6.326,   6432,    9.380   15.420,      9,   50.001
   6.376,   6482,    9.280   16.150,      9,   50.005
   6.426,   6534,    9.280   16.220,      9,   50.009
   6.476,   6583,    9.280   15.690,      9,   50.007
   6.526,   6633,    9.280   14.830,      9,   50.006
   6.576,   6684,    9.280   13.780,      9,   50.004
   6.626,   6733,    9.280   12.790,      9,   50.009
   6.676,   6784,    9.280   12.130,      9,   50.010
   6.726,   6834,    9.280   11.730,      9,   50.000
   6.776,   6884,    9.280   11.930,      9,   50.006
   6.826,   6934,    9.280   12.390,      9,   50.010
   6.876,   6983,    9.280   13.050,      9,   50.008
   6.926,   7033,    9.280   13.970,      9,   50.010
   6.976,   7085,    9.280   14.770,      9,   50.006
   7.027,   7134,    9.280   15.290,      9,   50.002
   7.077,   7184,    9.280   15.360,      9,   50.011
   7.127,   7235,    9.280   15.100,      9,   50.002
   7.177,   7284,    9.280   14.570,      9,   50.004
   7.227,   7334,    9.280   13.840,      9,   50.006
   7.277,   7385,    9.380   13.180,      9,   50.002
   7.327,   7435,    9.280   12.720,      9,   50.003
   7.377,   7485,    9.280   12.460,      9,   50.006
   7.427,   7534,    9.280   12.460,      9,   50.000
   7.477,   7584,    9.280   12.720,      9,   50.006
   7.527,   7635,    9.280   13.250,      9,   50.004
   7.577,   7685,    9.280   13.780,      9,   50.007
   7.627,   7735,    9.280   14.300,      9,   50.001
   7.677,   7785,    9.280   14.570,      9,   50.008
   7.727,   7835,    9.280   14.770,      9,   50.009
   7.780,   7888,    9.280   14.570,      9,   53.394
   7.836,   7945,    9.280   14.240,      9,   55.988
   7.886,   7995,    9.280   13.780,      9,   50.000
   7.936,   8045,    9.280   13.450,      9,   50.003
   7.986,   8094,    9.280   13.180,      9,   50.006
   8.036,   8145,    9.280   13.050,      9,   50.005
   8.086,   8196,    9.280   13.180,      9,   50.002
   8.136,   8245,    9.280   13.450,      9,   50.001
   8.186,   8295,    9.280   13.710,      9,   50.000
   8.236,   8346,    9.280   14.110,      9,   50.005
   8.286,   8395,    9.280   14.300,      9,   50.001
   8.336,   8445,    9.280   14.370,      9,   50.007
   8.386,   8496,    9.280   14.370,      9,   50.006
   8.436,   8546,    9.280   14.240,      9,   50.009
   8.486,   8596,    9.280   14.040,      9,   50.006
   8.536,   8645,    9.280   13.780,      9,   50.009
   8.586,   8696,    9.380   13.580,      9,   50.007
   8.636,   8747,    9.380   13.510,      9,   50.009
   8.686,   8796,    9.960   13.510,      9,   50.010
   8.736,   8849,   11.520   13.710,     10,   50.009
   8.786,   8898,   13.280   13.780,     12,   50.008
   8.836,   8947,   14.550   14.240,     13,   50.001
   8.886,   8998,   15.430   15.030,     15,   50.024
   8.936,   9048,   16.110   16.410,     15,   50.002
   8.986,   9098,   16.800   18.720,     16,   50.005
   9.036,   9147,   16.990   21.690,     17,   50.001
   9.086,   9198,   16.990   25.050,     17,   50.008
   9.136,   9248,   16.990   28.340,     17,   50.002
   9.186,   9298,   16.990   31.110,     17,   50.001
   9.236,   9348,   16.890   32.960,     17,   50.006
   9.286,   9398,   16.890   33.620,     17,   50.000
   9.336,   9448,   16.890   33.220,     17,   50.002
   9.386,   9499,   16.990   31.710,     17,   50.006
   9.436,   9548,   16.890   29.530,     17,   50.010
   9.486,   9598,   16.890   26.960,     17,   50.008
   9.536,   9649,   16.890   24.650,     17,   50.004
   9.586,   9698,   16.890   22.940,     17,   50.004
   9.636,   9748,   16.890   22.020,     17,   50.011
   9.686,   9799,   16.890   22.210,     17,   50.009
   9.736,   9849,   16.990   23.270,     17,   50.009
   9.786,   9899,   16.890   25.110,     17,   50.007
   9.836,   9949,   16.890   27.220,     17,   50.001
   9.886,   9999,   16.890   29.140,     17,   50.006
   9.936,  10049,   17.090   30.650,     17,   50.007
   9.986,  10099,   16.890   31.380,     17,   50.004
  10.036,  10149,   16.890   31.180,     17,   50.008
  10.086,  10200,   16.890   30.390,     17,   50.000
  10.136,  10250,   16.890   28.870,     17,   50.011
  10.186,  10300,   16.990   27.220,     17,   50.007
  10.236,  10349,   16.890   25.580,     17,   50.000
  10.286,  10399,   16.890   24.320,     17,   50.010
  10.336,  10450,   16.890   23.600,     17,   50.004
  10.386,  10501,   16.890   23.730,     17,   50.003
  10.436,  10550,   16.890   24.320,     17,   50.006
  10.486,  10600,   16.890   25.440,     17,   50.010
  10.536,  10650,   16.890   26.760,     17,   50.004
  10.586,  10700,   16.890   28.080,     17,   50.007
  10.636,  10750,   16.890   29.070,     17,   50.001
  10.686,  10800,   16.890   29.400,     17,   50.008
  10.736,  10851,   16.890   29.140,     17,   50.001
  10.786,  10901,   16.800   28.340,     17,   50.010
  10.836,  10951,   16.210   27.420,     17,   50.002
  10.886,  11000,   13.480   26.500,     16,   50.005
  10.936,  11051,    8.300   25.910,     13,   50.006
  10.986,  11100,    6.840   25.380,      8,   50.006
  11.036,  11151,    6.540   24.390,      7,   50.006
  11.086,  11200,    5.960   22.280,      7,   50.004
  11.136,  11250,    5.470   18.790,      6,   50.000
  11.186,  11300,    4.790   14.240,      5,   50.006
  11.236,  11350,    3.710    9.290,      5,   50.010
  11.286,  11401,    2.640    4.610,      4,   50.001
  11.336,  11451,    0.000    0.920,      3,   50.006
  11.386,  11500,    0.000   -1.250,      0,   50.002
  11.436,  11551,    0.000   -1.850,      0,   50.011
  11.486,  11600,    0.000   -1.190,      0,   50.001
  11.539,  11654,    0.000    0.330,      0,   52.579
  11.606,  11721,    0.000    2.440,      0,   67.463
  11.656,  11771,    0.000    3.690,      0,   50.007
  11.706,  11821,    0.000    4.020,      0,   50.008
  11.756,  11872,    0.000    3.560,      0,   50.009
  11.806,  11921,    0.000    2.370,      0,   50.007
  11.856,  11971,    0.000    0.660,      0,   50.005
  11.906,  12021,    0.000   -0.990,      0,   50.007
  11.956,  12071,    0.000   -2.500,      0,   50.008
  12.006,  12122,    0.000   -3.300,      0,   50.008
  12.056,  12171,    0.000   -3.300,      0,   50.001
  12.106,  12222,    0.000   -2.570,      0,   50.009
  12.156,  12271,    0.000   -1.320,      0,   50.006
  12.206,  12322,    0.000    0.070,      0,   50.009
  12.256,  12372,    0.000    1.450,      0,   50.002
  12.306,  12422,    0.000    2.370,      0,   50.007
  12.356,  12473,    0.000    2.700,      0,   50.005
  12.406,  12522,    0.000    2.440,      0,   50.009
  12.457,  12572,    0.000    1.650,      0,   50.004
  12.507,  12622,    0.000    0.400,      0,   50.005
  12.557,  12673,    0.000   -0.730,      0,   50.009
  12.607,  12723,    0.000   -1.780,      0,   50.005
  12.657,  12773,    0.000   -2.310,      0,   50.005
  12.707,  12823,    0.000   -2.310,      0,   50.004
  12.757,  12872,    0.000   -1.850,      0,   50.001
  12.807,  12923,    0.000   -1.050,      0,   50.010
  12.857,  12973,    0.000   -0.130,      0,   50.004
  12.907,  13023,    0.000    0.790,      0,   50.008
  12.957,  13074,    0.000    1.450,      0,   50.006
  13.007,  13123,    3.710    1.650,      0,   50.008
  13.057,  13173,    5.370    1.450,      4,   50.004
  13.107,  13222,    7.320    0.920,      5,   50.003
  13.157,  13274,    8.400    0.260,      7,   50.010
  13.207,  13324,    8.980   -0.260,      8,   50.006
  13.257,  13373,    9.380   -0.130,      9,   50.007
  13.307,  13424,    9.960    1.190,      9,   50.011
  13.357,  13474,   10.940    3.820,     10,   50.005
  13.407,  13524,   11.820    7.710,     11,   50.007
  13.457,  13575,   12.210   12.390,     12,   50.009
  13.507,  13625,   12.600   17.200,     12,   50.009
  13.557,  13674,   12.700   21.750,     13,   50.010
  13.607,  13725,   12.790   25.310,     13,   50.002
  13.657,  13775,   12.790   27.290,     13,   50.009
  13.707,  13826,   12.790   27.820,     13,   50.006
  13.757,  13876,   12.790   26.760,     13,   50.010
  13.807,  13925,   12.790   24.590,     13,   50.010
  13.857,  13975,   12.790   21.690,     13,   50.004
  13.907,  14025,   12.790   18.590,     13,   50.007
  13.957,  14076,   12.790   16.080,     13,   50.006
  14.007,  14126,   12.790   14.500,     13,   50.006
  14.057,  14176,   12.600   14.300,     13,   50.009
  14.107,  14226,   11.430   15.420,     13,   50.009
  14.157,  14276,    9.960   17.670,     11,   50.000
  14.207,  14326,    6.250   20.370,     10,   50.009
  14.257,  14375,    3.030   22.540,      6,   50.005
  14.307,  14426,    0.000   23.600,      3,   50.001
  14.357,  14476,    0.000   22.480,      0,   50.010
  14.407,  14525,    0.000   18.790,      0,   50.000
  14.457,  14576,    0.000   12.390,      0,   50.001
  14.507,  14625,    0.000    4.350,      0,   50.001
  14.557,  14675,    0.000   -3.890,      0,   50.002
  14.607,  14727,    0.000  -10.940,      0,   50.002
  14.657,  14776,    0.000  -15.160,      0,   50.009
  14.707,  14826,    0.000  -15.820,      0,   50.003
  14.757,  14875,    0.000  -13.120,      0,   50.010
  14.807,  14926,    0.000   -7.510,      0,   50.010
  14.857,  14977,    0.000   -0.400,      0,   50.003
  14.907,  15026,    0.000    6.660,      0,   50.006
  14.957,  15077,    0.000   12.260,      0,   50.010
  15.007,  15126,    0.000   15.100,      0,   50.006
  15.057,  15176,    0.000   14.570,      0,   50.004
  15.107,  15227,    0.000   10.940,      0,   50.010
  15.157,  15277,    0.000    5.140,      0,   50.009
  15.207,  15327,    0.000   -1.710,      0,   50.005
  15.257,  15377,    0.000   -8.110,      0,   50.009
  15.307,  15427,    0.000  -12.590,      0,   50.009
  15.357,  15477,    0.000  -14.170,      0,   50.009
  15.407,  15526,    0.000  -12.660,      0,   50.000
  15.457,  15578,    0.000   -8.370,      0,   50.010
  15.507,  15627,    0.000   -2.500,      0,   50.000
  15.557,  15677,    0.000    3.820,      0,   50.002
  15.607,  15728,    0.000    9.490,      0,   50.002
  15.657,  15777,    0.000   12.720,      0,   50.001
  15.707,  15827,    0.000   13.180,      0,   50.005
  15.757,  15878,    0.000   10.810,      0,   50.000
  15.807,  15928,    0.000    6.200,      0,   50.002
  15.857,  15977,    0.000    0.400,      0,   50.010
  15.907,  16028,    0.000   -5.470,      0,   50.002
  15.957,  16078,    0.000  -10.020,      0,   50.003
  16.007,  16128,    0.000  -12.260,      0,   50.003
  16.057,  16178,    0.000  -11.730,      0,   50.004
  16.107,  16228,    0.000   -8.700,      0,   50.001
  16.157,  16278,    0.000   -3.890,      0,   50.012
  16.207,  16329,    0.000    1.710,      0,   50.011
  16.257,  16378,    0.000    6.860,      0,   50.002
  16.307,  16429,    0.000   10.420,      0,   50.010
  16.357,  16478,    0.000   11.600,      0,   50.001
  16.407,  16529,    0.000   10.150,      0,   50.000
  16.457,  16579,    0.000    6.720,      0,   50.002
  16.507,  16628,    0.000    1.910,      0,   50.006
  16.557,  16679,    0.000   -3.360,      0,   50.008
  16.607,  16729,    0.000   -7.650,      0,   50.000
  16.657,  16779,    0.000  -10.280,      0,   50.001
  16.707,  16829,    0.000  -10.680,      0,   50.006
  16.757,  16879,    0.000   -8.640,      0,   50.002
  16.807,  16929,    0.000   -4.940,      0,   50.011
  16.857,  16979,    0.000   -0.130,      0,   50.001
  16.907,  17030,    0.000    4.610,      0,   50.002
  16.957,  17079,    0.000    8.240,      0,   50.004
  17.007,  17130,    0.000    9.890,      0,   50.013
  17.057,  17179,    0.000    9.290,      0,   50.006
  17.107,  17229,    0.000    6.860,      0,   50.002
  17.157,  17281,    0.000    2.900,      0,   50.008
  17.207,  17330,    0.000   -1.580,      0,   50.011
  17.257,  17380,    0.000   -5.540,      0,   50.003
  17.307,  17430,    0.000   -8.440,      0,   50.011
  17.357,  17480,    0.000   -9.230,      0,   50.000
  17.407,  17529,    0.000   -8.110,      0,   50.007
  17.457,  17581,    0.000   -5.270,      0,   50.008
  17.507,  17631,    0.000   -1.450,      0,   50.000
  17.557,  17680,    0.000    2.700,      0,   50.004
  17.607,  17731,    0.000    6.130,      0,   50.009
  17.657,  17780,    0.000    7.980,      0,   50.006
  17.707,  17830,    0.000    7.980,      0,   50.009
  17.757,  17881,    0.000    6.330,      0,   50.009
  17.807,  17931,    0.000    3.300,      0,   50.003
  17.857,  17980,    0.000   -0.260,      0,   50.010
  17.907,  18031,    0.000   -3.890,      0,   50.010
  17.957,  18081,    0.000   -6.460,      0,   50.003
  18.007,  18130,    0.000   -7.580,      0,   50.005
  18.057,  18182,    0.000   -7.050,      0,   50.006
  18.107,  18231,    0.000   -5.010,      0,   50.004
  18.157,  18281,    0.000   -2.040,      0,   50.007
  18.207,  18331,    0.000    1.380,      0,   50.000
  18.257,  18381,    0.000    4.280,      0,   50.010
  18.307,  18433,    0.000    6.200,      0,   50.006
  18.357,  18482,    0.000    6.590,      0,   50.000
  18.407,  18532,    0.000    5.600,      0,   50.003
  18.457,  18582,    0.000    3.300,      0,   50.009
  18.507,  18632,    0.000    0.530,      0,   50.006
  18.557,  18681,    0.000   -2.370,      0,   50.000
  18.607,  18733,    0.000   -4.750,      0,   50.010
  18.657,  18782,    0.000   -6.060,      0,   50.003
  18.707,  18832,    0.000   -6.000,      0,   50.008
  18.757,  18883,    0.000   -4.610,      0,   50.005
  18.807,  18932,    0.000   -2.370,      0,   50.011
  18.857,  18983,    0.000    0.330,      0,   50.007
  18.907,  19033,    0.000    2.900,      0,   50.008
  18.957,  19083,    0.000    4.610,      0,   50.010
  19.007,  19132,    0.000    5.340,      0,   50.002
  19.057,  19183,    0.000    4.750,      0,   50.008
  19.107,  19233,    0.000    3.230,      0,   50.002
  19.157,  19282,    0.000    1.050,      0,   50.011
  19.207,  19334,    0.000   -1.320,      0,   50.001
  19.257,  19383,    0.000   -3.360,      0,   50.008
  19.307,  19433,    0.000   -4.610,      0,   50.007
  19.357,  19483,    0.000   -4.750,      0,   50.005
  19.407,  19533,    0.000   -3.960,      0,   50.002
  19.457,  19584,    0.000   -2.370,      0,   50.000
  19.507,  19634,    0.000   -0.260,      0,   50.000
  19.557,  19684,    0.000    1.710,      0,   50.008
  19.607,  19733,    0.000    3.300,      0,   50.004
  19.657,  19784,    0.000    4.090,      0,   50.000
  19.707,  19833,    0.000    3.820,      0,   50.006
  19.757,  19884,    0.000    2.900,      0,   50.003
  19.807,  19935,    0.000    1.190,      0,   50.004
  19.857,  19984,    0.000   -0.660,      0,   50.006
  19.907,  20034,    0.000   -2.310,      0,   50.001
  19.957,  20084,    0.000   -3.360,      0,   50.010
  20.007,  20134,    0.000   -3.690,      0,   50.002
  20.057,  20184,    0.000   -3.160,      0,   50.001
  20.107,  20235,    0.000   -2.040,      0,   50.004
  20.157,  20285,    0.000   -0.530,      0,   50.009
  20.207,  20334,    0.000    1.120,      0,   50.006
  20.257,  20385,    0.000    2.370,      0,   50.010
  20.307,  20434,    0.000    3.030,      0,   50.004
  20.357,  20485,    0.000    2.970,      0,   50.006
  20.407,  20535,    0.000    2.240,      0,   50.009
  20.457,  20585,    0.000    1.120,      0,   50.004
  20.507,  20635,    0.000   -0.260,      0,   50.002
  20.557,  20685,    0.000   -1.520,      0,   50.010
  20.607,  20736,    0.000   -2.370,      0,   50.010
  20.657,  20785,    0.000   -2.570,      0,   50.003
  20.707,  20836,    0.000   -2.310,      0,   50.011
  20.757,  20885,    0.000   -1.520,      0,   50.006
  20.807,  20936,    0.000   -0.460,      0,   50.007
  20.857,  20985,    0.000    0.590,      0,   50.004
  20.907,  21036,    0.000    1.450,      0,   50.003
  20.957,  21087,    0.000    1.910,      0,   50.007
  21.007,  21136,    0.000    1.910,      0,   50.012
  21.057,  21186,    0.000    1.380,      0,   50.006
  21.107,  21236,    0.000    0.590,      0,   50.004
  21.157,  21286,    0.000   -0.260,      0,   50.010
  21.207,  21336,    0.000   -0.990,      0,   50.002
  21.257,  21387,    0.000   -1.520,      0,   50.008
  21.307,  21437,    0.000   -1.580,      0,   50.008
  21.358,  21486,    0.000   -1.320,      0,   50.005
  21.408,  21537,    0.000   -0.790,      0,   50.004
  21.458,  21586,    0.000   -0.130,      0,   50.005
  21.508,  21637,    0.000    0.530,      0,   50.002
  21.558,  21687,    0.000    0.920,      0,   50.004
  21.608,  21737,    0.000    1.120,      0,   50.010
  21.658,  21787,    0.000    0.920,      0,   50.001
  21.708,  21837,    0.000    0.590,      0,   50.009
  21.758,  21888,    0.000    0.070,      0,   50.002
  21.808,  21937,    0.000   -0.400,      0,   50.010
  21.858,  21988,    0.000   -0.730,      0,   50.010
  21.908,  22037,    0.000   -0.790,      0,   50.008
  21.958,  22087,    0.000   -0.730,      0,   50.001
  22.008,  22138,    0.000   -0.460,      0,   50.006
  22.058,  22188,    0.000   -0.130,      0,   50.010
  22.108,  22239,    0.000    0.130,      0,   50.009
  22.158,  22288,    0.000    0.400,      0,   50.001
  22.208,  22338,    0.000    0.400,      0,   50.011
  22.258,  22387,    0.000    0.330,      0,   50.007
  22.308,  22438,    0.000    0.130,      0,   50.009
  22.358,  22488,    0.000   -0.130,      0,   50.001
  22.408,  22538,    0.000   -0.200,      0,   50.005
  22.458,  22589,    0.000   -0.260,      0,   50.010
  22.508,  22638,    0.000   -0.260,      0,   50.001
  22.558,  22688,    0.000   -0.200,      0,   50.008
  22.608,  22738,    0.000   -0.130,      0,   50.007
  22.658,  22789,    0.000    0.070,      0,   50.003
  22.708,  22839,    0.000    0.070,      0,   50.011
  22.758,  22889,    0.000    0.070,      0,   50.005
  22.808,  22938,    0.000    0.000,      0,   50.002
  22.858,  22989,    0.000    0.000,      0,   50.007
  22.908,  23040,    0.000   -0.130,      0,   50.004
  22.958,  23089,    0.000   -0.130,      0,   50.006
  23.008,  23140,    0.000   -0.130,      0,   50.005
  23.058,  23192,    0.000    0.000,      0,   50.008
  23.108,  23240,    0.000    0.000,      0,   50.011
  23.158,  23289,    0.000    0.000,      0,   50.002
  23.208,  23340,    0.000    0.000,      0,   50.007
  23.258,  23389,    0.000    0.000,      0,   50.012
  23.308,  23440,    0.000   -0.130,      0,   50.002
  23.358,  23490,    0.000   -0.130,      0,   50.011
  23.408,  23540,    0.000    0.000,      0,   50.001
  23.458,  23590,    0.000    0.000,      0,   50.001
  23.508,  23640,    0.000   -0.130,      0,   50.009
  23.558,  23691,    0.000    0.000,      0,   50.004
  23.608,  23740,    0.000    0.000,      0,   50.002
  23.658,  23790,    0.000    0.000,      0,   50.001
  23.708,  23839,    0.000    0.000,      0,   50.001
  23.758,  23890,    0.000    0.000,      0,   50.008
  23.808,  23940,    0.000    0.000,      0,   50.001
  23.858,  23991,    0.000    0.000,      0,   50.004
  23.908,  24041,    0.000    0.000,      0,   50.005
  23.958,  24090,    0.000    0.000,      0,   50.003
  24.008,  24141,    0.000    0.000,      0,   50.007
  24.058,  24190,    0.000    0.000,      0,   50.002
  24.108,  24242,    0.000    0.000,      0,   50.004
  24.158,  24291,    0.000    0.000,      0,   50.003
  24.208,  24341,    0.000    0.000,      0,   50.003
  24.258,  24391,    0.000    0.000,      0,   50.005
  24.308,  24441,    0.000    0.000,      0,   50.010
  24.358,  24491,    0.000    0.000,      0,   50.010
  24.408,  24542,    0.000    0.000,      0,   50.008
  24.458,  24591,    0.000    0.000,      0,   50.003
  24.508,  24641,    0.000    0.000,      0,   50.002
  24.558,  24692,    0.000    0.000,      0,   50.004
  24.608,  24741,    0.000    0.000,      0,   50.006
  24.658,  24793,    0.000    0.000,      0,   50.004
  24.708,  24842,    0.000    0.000,      0,   50.007
  24.758,  24892,    0.000    0.000,      0,   50.007
  24.808,  24942,    0.000    0.000,      0,   50.003
  24.858,  24992,    0.000    0.000,      0,   50.006
  24.908,  25041,    0.000   -0.130,      0,   50.009
  24.958,  25093,    0.000    0.000,      0,   50.009
  25.008,  25142,    0.000    0.000,      0,   50.010
  25.058,  25193,    0.000    0.000,      0,   50.007
  25.108,  25242,    0.000    0.000,      0,   50.006
  25.158,  25292,    0.000    0.000,      0,   50.006
  25.208,  25344,    0.000    0.000,      0,   50.003
  25.258,  25393,    0.000   -0.130,      0,   50.007
  25.308,  25443,    0.000    0.000,      0,   50.009
  25.358,  25493,    0.000    0.000,      0,   50.002
  25.408,  25543,    0.000    0.000,      0,   50.001
  25.458,  25592,    0.000    0.000,      0,   50.010
  25.508,  25644,    0.000    0.000,      0,   50.000
  25.558,  25693,    0.000    0.000,      0,   50.005
  25.608,  25743,    0.000    0.000,      0,   50.004
  25.658,  25793,    0.000    0.000,      0,   50.011
  25.708,  25843,    0.000    0.000,      0,   50.001
  25.758,  25893,    0.000   -0.130,      0,   50.007
  25.808,  25944,    0.000    0.000,      0,   50.003
  25.858,  25994,    0.000    0.000,      0,   50.011
  25.908,  26044,    0.000    0.000,      0,   50.010
  25.958,  26094,    0.000    0.000,      0,   50.003
  26.008,  26143,    0.000    0.000,      0,   50.003
  26.058,  26194,    0.000   -0.130,      0,   50.001
  26.108,  26244,    0.000   -0.130,      0,   50.003
  26.158,  26295,    0.000    0.000,      0,   50.000
  26.208,  26344,    0.000    0.000,      0,   50.002
  26.258,  26394,    0.000    0.000,      0,   50.003
  26.308,  26445,    0.000    0.000,      0,   50.001
  26.358,  26494,    0.000    0.000,      0,   50.005
  26.408,  26545,    0.000    0.000,      0,   50.011
  26.458,  26595,    0.000   -0.130,      0,   50.000
  26.508,  26645,    0.000    0.000,      0,   50.004
  26.558,  26694,    0.000    0.000,      0,   50.009
  26.608,  26745,    0.000    0.000,      0,   50.008
  26.658,  26795,    0.000   -0.130,      0,   50.001
  26.708,  26845,    0.000   -0.130,      0,   50.011
  26.758,  26895,    0.000    0.000,      0,   50.002
  26.808,  26945,    0.000    0.000,      0,   50.003
  26.858,  26995,    0.000    0.000,      0,   50.009
  26.908,  27045,    0.000    0.000,      0,   50.004
  26.958,  27096,    0.000    0.000,      0,   50.004
  27.008,  27146,    0.000   -0.130,      0,   50.003
  27.058,  27196,    0.000   -0.130,      0,   50.003
  27.108,  27246,    0.000    0.000,      0,   50.012
  27.178,  27316,    0.000    0.000,      0,   69.393
  27.251,  27394,    0.000    0.000,      0,   73.356
  27.323,  27461,    0.000    0.000,      0,   72.572
  27.373,  27511,    0.000   -0.130,      0,   50.009
  27.423,  27561,    0.000    0.000,      0,   50.000
  27.473,  27612,    0.000    0.000,      0,   50.000
  27.523,  27661,    0.000    0.000,      0,   50.002
  27.573,  27712,    0.000    0.000,      0,   50.000
  27.623,  27761,    0.000    0.000,      0,   50.003
  27.673,  27812,    0.000    0.000,      0,   50.006
  27.723,  27862,    0.000   -0.130,      0,   50.010
  27.773,  27912,    0.000    0.000,      0,   50.004
  27.823,  27963,    0.000    0.000,      0,   50.001
  27.873,  28012,    0.000    0.000,      0,   50.008
  27.923,  28062,    0.000    0.000,      0,   50.004
  27.973,  28112,    0.000    0.000,      0,   50.001
  28.023,  28163,    0.000    0.000,      0,   50.000
  28.073,  28212,    0.000    0.000,      0,   50.010
  28.123,  28263,    0.000    0.000,      0,   50.000
  28.174,  28312,    0.000   -0.130,      0,   50.002
  28.224,  28362,    0.000   -0.130,      0,   50.011
  28.274,  28413,    0.000    0.000,      0,   50.002
  28.324,  28463,    0.000   -0.130,      0,   50.008
  28.374,  28514,    0.000    0.000,      0,   50.004
  28.424,  28563,    0.000    0.000,      0,   50.005
  28.474,  28613,    0.000    0.000,      0,   50.006
  28.524,  28663,    0.000    0.000,      0,   50.007
  28.574,  28713,    0.000   -0.130,      0,   50.003
  28.624,  28763,    0.000    0.000,      0,   50.011
  28.674,  28814,    0.000    0.000,      0,   50.007
  28.724,  28863,    0.000    0.000,      0,   50.010
  28.774,  28913,    0.000    0.000,      0,   50.005
  28.824,  28963,    0.000    0.000,      0,   50.008
  28.874,  29014,    0.000    0.000,      0,   50.007
  28.924,  29065,    0.000   -0.130,      0,   50.001
  28.974,  29114,    0.000    0.000,      0,   50.007
  29.024,  29164,    0.000   -0.130,      0,   50.008
  29.074,  29214,    0.000   -0.130,      0,   50.010
  29.124,  29264,    0.000    0.000,      0,   50.004
  29.174,  29314,    0.000   -0.130,      0,   50.011
  29.224,  29365,    0.000   -0.130,      0,   50.007
  29.274,  29414,    0.000   -0.130,      0,   50.007
  29.324,  29464,    0.000    0.000,      0,   50.003
  29.374,  29515,    0.000    0.000,      0,   50.010
  29.424,  29564,    0.000    0.000,      0,   50.001
  29.474,  29615,    0.000    0.000,      0,   50.006
  29.524,  29665,    0.000    0.000,      0,   50.009
  29.574,  29715,    0.000   -0.130,      0,   50.005
  29.624,  29764,    0.000    0.000,      0,   50.010
  29.674,  29815,    0.000    0.000,      0,   50.009
  29.724,  29864,    0.000    0.000,      0,   50.008
  29.774,  29916,    0.000    0.000,      0,   50.001
  29.824,  29965,    0.000    0.000,      0,   50.006
  29.874,  30015,    0.000    0.000,      0,   50.010
  29.924,  30066,    0.000    0.000,      0,   50.006
  29.974,  30115,    0.000    0.000,      0,   50.003
  30.024,  30167,    0.000    0.000,      0,   50.004
  30.074,  30216,    0.000    0.000,      0,   50.001
  30.124,  30266,    0.000    0.000,      0,   50.007
  30.174,  30316,    0.000    0.000,      0,   50.009
  30.224,  30366,    0.000    0.000,      0,   50.005
  30.274,  30415,    0.000    0.000,      0,   50.010
  30.324,  30467,    0.000   -0.130,      0,   50.003
  30.374,  30516,    0.000    0.000,      0,   50.010
  30.424,  30567,    0.000    0.000,      0,   50.007
  30.474,  30617,    0.000   -0.130,      0,   50.010
  30.524,  30666,    0.000    0.000,      0,   50.006
  30.574,  30716,    0.000    0.000,      0,   50.011
  30.624,  30767,    0.000   -0.130,      0,   50.003
  30.674,  30817,    0.000    0.000,      0,   50.001
  30.724,  30867,    0.000    0.000,      0,   50.004
  30.774,  30917,    0.000   -0.130,      0,   50.006
  30.824,  30966,    0.000    0.000,      0,   50.001
  30.874,  31017,    0.000    0.000,      0,   50.004
  30.924,  31067,    0.000    0.000,      0,   50.001
  30.974,  31117,    0.000    0.000,      0,   50.011
  31.024,  31168,    0.000    0.000,      0,   50.002
  31.074,  31217,    0.000    0.000,      0,   50.007
  31.124,  31268,    0.000    0.000,      0,   50.008
  31.174,  31318,    0.000    0.000,      0,   50.010
  31.224,  31368,    0.000    0.000,      0,   50.009
  31.274,  31418,    0.000   -0.130,      0,   50.005
  31.324,  31468,    0.000    0.000,      0,   50.005
  31.374,  31517,    0.000    0.000,      0,   50.003
  31.424,  31568,    0.000    0.000,      0,   50.006
  31.474,  31618,    0.000    0.000,      0,   50.425
  31.524,  31669,    0.000    0.000,      0,   50.004
  31.574,  31718,    0.000    0.000,      0,   50.003
  31.624,  31768,    0.000   -0.130,      0,   50.005
  31.674,  31819,    0.000    0.000,      0,   50.005
  31.724,  31868,    0.000    0.000,      0,   50.004
  31.774,  31920,    0.000   -0.130,      0,   50.000
  31.824,  31969,    0.000    0.000,      0,   50.009
  31.874,  32019,    0.000    0.000,      0,   50.000
  31.924,  32069,    0.000   -0.130,      0,   50.003
  31.974,  32119,    0.000    0.000,      0,   50.000
  32.024,  32168,    0.000    0.000,      0,   50.011
  32.074,  32220,    0.000    0.000,      0,   50.010
  32.124,  32269,    0.000   -0.130,      0,   50.006
  32.174,  32319,    0.000   -0.130,      0,   50.005
  32.224,  32370,    0.000    0.000,      0,   50.008
  32.274,  32419,    0.000    0.000,      0,   50.005
  32.324,  32471,    0.000    0.000,      0,   50.009
  32.374,  32520,    0.000    0.000,      0,   50.004
  32.424,  32570,    0.000    0.000,      0,   50.002
  32.474,  32620,    0.000   -0.130,      0,   50.004
  32.524,  32670,    0.000    0.000,      0,   50.010
  32.574,  32719,    0.000    0.000,      0,   50.007
  32.624,  32771,    0.000    0.000,      0,   50.007
  32.674,  32820,    0.000    0.000,      0,   50.011
  32.724,  32870,    0.000    0.000,      0,   50.010
  32.774,  32920,    0.000    0.000,      0,   50.010
  32.824,  32970,    0.000    0.000,      0,   50.007
  32.875,  33021,    0.000    0.000,      0,   50.011
  32.925,  33071,    0.000    0.000,      0,   50.007
  32.975,  33121,    0.000    0.000,      0,   50.003
  33.025,  33171,    0.000   -0.130,      0,   50.006
  33.075,  33221,    0.000    0.000,      0,   50.002
  33.125,  33271,    0.000   -0.130,      0,   50.011
  33.175,  33321,    0.000    0.000,      0,   50.003
  33.225,  33371,    0.000   -0.130,      0,   50.005
  33.275,  33421,    0.000   -0.130,      0,   50.010
  33.325,  33472,    0.000    0.000,      0,   50.012
  33.375,  33521,    0.000    0.000,      0,   50.003
  33.425,  33571,    0.000    0.000,      0,   50.004
  33.475,  33622,    0.000    0.000,      0,   50.002
  33.525,  33672,    0.000   -0.130,      0,   50.006
  33.575,  33722,    0.000    0.000,      0,   50.010
  33.625,  33772,    0.000   -0.130,      0,   50.003
  33.675,  33821,    0.000    0.000,      0,   50.003
  33.725,  33872,    0.000    0.000,      0,   50.004
  33.775,  33922,    0.000    0.000,      0,   50.006
  33.825,  33972,    0.000   -0.130,      0,   50.005
  33.875,  34023,    0.000    0.000,      0,   50.008
  33.925,  34072,    0.000    0.000,      0,   50.010
  33.975,  34122,    0.000    0.000,      0,   50.000
  34.025,  34172,    0.000    0.000,      0,   50.008
  34.075,  34223,    0.000    0.000,      0,   50.011
  34.125,  34273,    0.000    0.000,      0,   50.008
  34.175,  34323,    0.000    0.000,      0,   50.000
  34.225,  34372,    0.000    0.000,      0,   50.003
  34.275,  34423,    0.000    0.000,      0,   50.002
  34.325,  34472,    0.000   -0.130,      0,   50.009
  34.375,  34524,    0.000   -0.130,      0,   50.000
  34.425,  34573,    0.000    0.000,      0,   50.011
  34.475,  34623,    0.000   -0.130,      0,   50.009
  34.525,  34674,    0.000    0.000,      0,   50.003
  34.575,  34723,    0.000    0.000,      0,   50.006
  34.625,  34774,    0.000    0.000,      0,   50.003
  34.675,  34824,    0.000    0.000,      0,   50.004
  34.725,  34874,    0.000    0.000,      0,   50.011
  34.775,  34923,    0.000    0.000,      0,   50.000
  34.825,  34974,    0.000    0.000,      0,   50.008
  34.875,  35023,    0.000    0.000,      0,   50.006
  34.925,  35075,    0.000    0.000,      0,   50.003
  34.975,  35124,    0.000    0.000,      0,   50.009
  35.025,  35174,    0.000    0.000,      0,   50.009
  35.075,  35224,    0.000    0.000,      0,   50.000
  35.125,  35274,    0.000    0.000,      0,   50.011
  35.175,  35324,    0.000    0.000,      0,   50.001
  35.225,  35375,    0.000    0.000,      0,   50.013
  35.275,  35425,    0.000    0.000,      0,   50.007
  35.325,  35475,    0.000   -0.130,      0,   50.004
  35.375,  35525,    0.000    0.000,      0,   50.002
  35.425,  35574,    0.000    0.000,      0,   50.011
  35.475,  35624,    0.000    0.000,      0,   50.006
  35.525,  35675,    0.000    0.000,      0,   50.000
  35.575,  35725,    0.000    0.000,      0,   50.009
  35.625,  35775,    0.000    0.000,      0,   50.005
  35.675,  35825,    0.000    0.000,      0,   50.005
  35.725,  35874,    0.000    0.000,      0,   50.002
  35.775,  35926,    0.000    0.000,      0,   50.009
  35.825,  35976,    0.000    0.000,      0,   50.002
  35.875,  36025,    0.000    0.000,      0,   50.007
  35.925,  36076,    0.000    0.000,      0,   50.005
  35.975,  36125,    0.000   -0.130,      0,   50.001
  36.025,  36175,    0.000   -0.130,      0,   50.005
  36.075,  36226,    0.000    0.000,      0,   50.487
  36.125,  36277,    0.000    0.000,      0,   50.008
  36.175,  36326,    0.000    0.000,      0,   50.000
  36.225,  36376,    0.000    0.000,      0,   50.001
  36.275,  36426,    0.000    0.000,      0,   50.005
  36.325,  36476,    0.000    0.000,      0,   50.006
  36.375,  36527,    0.000    0.000,      0,   50.010
  36.425,  36577,    0.000    0.000,      0,   50.001
  36.475,  36627,    0.000    0.000,      0,   50.008
  36.525,  36677,    0.000    0.000,      0,   50.005
  36.575,  36727,    0.000    0.000,      0,   50.007
  36.625,  36776,    0.000    0.000,      0,   50.007
  36.675,  36828,    0.000   -0.130,      0,   50.002
  36.725,  36877,    0.000    0.000,      0,   50.004
  36.775,  36927,    0.000    0.000,      0,   50.010
  36.825,  36977,    0.000    0.000,      0,   50.004
  36.875,  37027,    0.000    0.000,      0,   50.003
  36.925,  37078,    0.000    0.000,      0,   50.000
  36.975,  37128,    0.000    0.000,      0,   50.010
  37.025,  37178,    0.000   -0.130,      0,   50.003
  37.075,  37228,    0.000    0.000,      0,   50.008
  37.125,  37278,    0.000    0.000,      0,   50.004
  37.175,  37327,    0.000    0.000,      0,   50.004
  37.225,  37379,    0.000    0.000,      0,   50.010
  37.275,  37428,    0.000    0.000,      0,   50.000
  37.325,  37478,    0.000    0.000,      0,   50.002
  37.375,  37528,    0.000    0.000,      0,   50.004
  37.425,  37578,    0.000   -0.130,      0,   50.006
  37.475,  37627,    0.000    0.000,      0,   50.005
  37.525,  37679,    0.000    0.000,      0,   50.007
  37.575,  37729,    0.000   -0.130,      0,   50.001
  37.625,  37779,    0.000    0.000,      0,   50.007
  37.676,  37829,    0.000    0.000,      0,   50.009
  37.726,  37878,    0.000    0.000,      0,   50.004
  37.776,  37929,    0.000    0.000,      0,   50.007
  37.826,  37979,    0.000    0.000,      0,   50.007
  37.876,  38029,    0.000   -0.130,      0,   50.007
  37.926,  38079,    0.000   -0.130,      0,   50.008
  37.976,  38129,    0.000    0.000,      0,   50.003
  38.026,  38179,    0.000    0.000,      0,   50.009
  38.076,  38230,    0.000   -0.130,      0,   50.005
  38.126,  38280,    0.000    0.000,      0,   50.008
  38.176,  38329,    0.000    0.000,      0,   50.007
  38.226,  38380,    0.000    0.000,      0,   50.006
  38.276,  38429,    0.000   -0.130,      0,   50.008
  38.326,  38480,    0.000    0.000,      0,   50.008
  38.376,  38530,    0.000   -0.130,      0,   50.021
  38.426,  38580,    0.000    0.000,      0,   50.011
  38.476,  38630,    0.000    0.000,      0,   50.002
  38.526,  38680,    0.000    0.000,      0,   50.000
  38.576,  38729,    0.000    0.000,      0,   50.000
  38.626,  38780,    0.000    0.000,      0,   50.005
  38.676,  38831,    0.000   -0.130,      0,   50.004
  38.726,  38881,    0.000   -0.130,      0,   50.000
  38.776,  38931,    0.000   -0.130,      0,   50.011
  38.826,  38980,    0.000   -0.130,      0,   50.001
  38.876,  39031,    0.000   -0.130,      0,   50.000
  38.926,  39080,    0.000    0.000,      0,   50.001
  38.976,  39131,    0.000   -0.130,      0,   50.006
  39.026,  39181,    0.000   -0.130,      0,   50.009
  39.076,  39231,    0.000    0.000,      0,   50.009
  39.126,  39281,    0.000   -0.130,      0,   50.009
  39.176,  39331,    0.000   -0.130,      0,   50.010
  39.226,  39382,    0.000    0.000,      0,   50.003
  39.276,  39431,    0.000    0.000,      0,   50.001
  39.326,  39482,    0.000    0.000,      0,   50.006
  39.376,  39531,    0.000    0.000,      0,   50.008
  39.426,  39581,    0.000   -0.130,      0,   50.007
  39.476,  39631,    0.000   -0.130,      0,   50.005
  39.526,  39682,    0.000    0.000,      0,   50.008
  39.576,  39733,    0.000    0.000,      0,   50.001
  39.626,  39782,    0.000   -0.130,      0,   50.012
  39.676,  39832,    0.000    0.000,      0,   50.009
  39.726,  39882,    0.000    0.000,      0,   50.005
  39.776,  39932,    0.000    0.000,      0,   50.005
  39.826,  39982,    0.000    0.000,      0,   50.000
  39.876,  40033,    0.000    0.000,      0,   50.007
  39.926,  40082,    0.000    0.000,      0,   50.006
  39.976,  40132,    0.000    0.000,      0,   50.007
  40.026,  40182,    0.000    0.000,      0,   50.000
  40.076,  40232,    0.000    0.000,      0,   50.000
  40.126,  40283,    0.000    0.000,      0,   50.000
  40.176,  40333,    4.000   -0.130,      0,   50.001
  40.226,  40383,    5.370   -0.130,      4,   50.011
  40.276,  40432,    6.050   -0.130,      5,   50.008
  40.326,  40483,    7.620    0.000,      6,   50.000
  40.376,  40534,    8.110    0.330,      8,   50.001
  40.426,  40583,    8.200    0.860,      8,   50.001
  40.476,  40634,    8.300    2.240,      8,   50.006
  40.526,  40683,    8.400    4.550,      8,   50.010
  40.576,  40733,    8.400    7.510,      8,   50.003
  40.626,  40783,    8.400   10.940,      8,   50.001
  40.676,  40834,    8.400   14.240,      8,   50.006
  40.726,  40884,    8.400   16.610,      8,   50.010
  40.776,  40934,    8.400   17.800,      8,   50.004
  40.826,  40983,    8.400   17.530,      8,   50.007
  40.876,  41034,    8.400   16.150,      8,   50.000
  40.926,  41084,    8.400   13.840,      8,   50.006
  40.976,  41134,    8.300   11.400,      8,   50.005
  41.026,  41184,    8.200    9.100,      8,   50.003
  41.076,  41235,    7.420    7.450,      8,   50.003
  41.126,  41284,    6.450    6.990,      7,   50.005
  41.176,  41334,    5.760    7.650,      6,   50.006
  41.226,  41384,    5.080    8.960,      6,   50.005
  41.276,  41435,    4.590   10.550,      5,   50.009
  41.326,  41485,    4.200   11.930,      5,   50.010
  41.376,  41534,    4.100   12.460,      4,   50.010
  41.426,  41584,    4.100   12.130,      4,   50.003
  41.476,  41635,    4.100   10.680,      4,   50.002
  41.526,  41684,    4.100    8.440,      4,   50.005
  41.576,  41735,    4.100    5.800,      4,   50.004
  41.626,  41785,    4.100    3.230,      4,   50.008
  41.676,  41835,    4.200    1.190,      4,   50.003
  41.726,  41885,    4.200    0.260,      4,   50.009
  41.776,  41935,    4.200    0.330,      4,   50.001
  41.826,  41986,    4.200    1.380,      4,   50.009
  41.876,  42036,    4.300    3.300,      4,   50.003
  41.926,  42085,    4.300    5.410,      4,   50.002
  41.976,  42135,    4.300    7.510,      4,   50.002
  42.026,  42186,    4.300    9.030,      4,   50.004
  42.076,  42235,    4.300    9.560,      4,   50.004
  42.126,  42286,    4.300    9.030,      4,   50.003
  42.176,  42336,    4.300    7.710,      4,   50.008
  42.226,  42386,    4.390    5.930,      4,   50.002
  42.276,  42436,    4.590    3.960,      4,   50.009
  42.326,  42485,    4.690    2.180,      5,   50.009
  42.376,  42536,    4.790    1.120,      5,   50.001
  42.426,  42587,    4.790    0.920,      5,   50.005
  42.476,  42636,    4.880    1.710,      5,   50.000
  42.526,  42687,    5.080    3.490,      5,   50.019
  42.576,  42736,    5.270    5.600,      5,   50.001
  42.626,  42786,    5.370    7.780,      5,   50.002
  42.676,  42836,    5.370    9.560,      5,   50.000
  42.726,  42887,    5.370   10.610,      5,   50.008
  42.776,  42937,    5.370   10.680,      5,   50.010
  42.826,  42987,    5.370    9.820,      5,   50.008
  42.876,  43036,    5.370    8.310,      5,   50.009
  42.926,  43087,    5.370    6.460,      5,   50.004
  42.976,  43138,    5.470    4.610,      5,   50.001
  43.026,  43187,    5.470    3.230,      5,   50.009
  43.076,  43238,    5.570    2.500,      5,   50.011
  43.126,  43288,    5.760    2.640,      6,   50.005
  43.176,  43337,    5.760    3.560,      6,   50.005
  43.226,  43387,    5.860    5.140,      6,   50.009
  43.276,  43438,    5.960    7.190,      6,   50.003
  43.326,  43488,    6.050    9.290,      6,   50.003
  43.376,  43538,    6.150   10.940,      6,   50.010
  43.426,  43587,    6.150   12.000,      6,   50.007
  43.476,  43638,    6.150   12.000,      6,   50.002
  43.526,  43688,    6.150   11.340,      6,   50.000
  43.576,  43738,    6.150   10.090,      6,   50.007
  43.626,  43789,    6.150    8.440,      6,   50.011
  43.676,  43839,    6.150    6.920,      6,   50.010
  43.726,  43888,    6.150    5.870,      6,   50.005
  43.776,  43938,    6.150    5.410,      6,   50.004
  43.826,  43988,    6.250    5.670,      6,   50.003
  43.876,  44039,    6.150    6.460,      6,   50.000
  43.926,  44089,    6.150    7.710,      6,   50.009
  43.976,  44138,    6.150    9.030,      6,   50.000
  44.026,  44189,    6.250   10.280,      6,   50.001
  44.076,  44239,    6.250   11.070,      6,   50.000
  44.126,  44289,    6.350   11.140,      6,   50.006
  44.176,  44339,    6.840   10.680,      6,   50.002
  44.226,  44390,    7.130    9.820,      7,   50.038
  44.276,  44439,    7.230    8.700,      7,   50.002
  44.326,  44490,    7.320    7.650,      7,   50.016
  44.376,  44539,    7.520    7.120,      7,   50.003
  44.426,  44590,    7.620    7.120,      8,   50.000
  44.476,  44640,    7.710    7.710,      8,   50.000
  44.526,  44689,    7.710    8.830,      8,   50.005
  44.576,  44740,    7.810   10.550,      8,   50.006
  44.626,  44790,    7.810   12.260,      8,   50.009
  44.676,  44839,    7.810   13.710,      8,   50.003
  44.726,  44890,    7.810   14.770,      8,   50.009
  44.776,  44940,    7.810   15.030,      8,   50.010
  44.826,  44990,    7.710   14.770,      8,   50.010
  44.876,  45040,    7.810   13.970,      8,   50.002
  44.926,  45090,    7.810   12.920,      8,   50.004
  44.976,  45140,    7.810   11.870,      8,   50.011
  45.026,  45191,    7.810   10.810,      8,   50.000
  45.076,  45241,    7.810   10.150,      8,   50.004
  45.126,  45291,    7.910   10.090,      8,   50.007
  45.176,  45340,    7.810   10.420,      8,   50.004
  45.226,  45391,    7.810   11.210,      8,   50.016
  45.276,  45442,    7.910   12.130,      8,   50.010
  45.326,  45491,    7.810   13.050,      8,   50.009
  45.376,  45541,    7.810   13.710,      8,   50.004
  45.426,  45591,    7.810   14.040,      8,   50.006
  45.476,  45641,    7.810   13.970,      8,   50.007
  45.526,  45691,    7.810   13.510,      8,   50.009
  45.576,  45742,    7.810   12.920,      8,   50.007
  45.626,  45791,    7.810   12.130,      8,   50.001
  45.676,  45842,    7.810   11.400,      8,   50.008
  45.726,  45892,    7.810   10.940,      8,   50.000
  45.776,  45941,    7.810   10.880,      8,   50.006
  45.826,  45991,    7.810   10.940,      8,   50.010
  45.876,  46043,    7.810   11.400,      8,   50.004
  45.926,  46092,    7.810   12.000,      8,   50.006
  45.976,  46142,    7.810   12.660,      8,   50.002
  46.026,  46192,    7.810   13.180,      8,   50.010
  46.076,  46242,    7.810   13.450,      8,   50.006
  46.126,  46292,    7.810   13.510,      8,   50.004
  46.176,  46343,    7.810   13.320,      8,   50.000
  46.226,  46392,    7.810   12.990,      8,   50.010
  46.276,  46443,    7.810   12.520,      8,   50.005
  46.326,  46493,    7.810   12.130,      8,   50.002
  46.376,  46542,    7.810   11.870,      8,   50.004
  46.426,  46593,    7.810   11.670,      8,   50.007
  46.476,  46644,    7.810   11.670,      8,   50.011
  46.527,  46693,    7.810   11.870,      8,   50.007
  46.577,  46743,    7.810   12.130,      8,   50.005
  46.627,  46793,    7.810   12.460,      8,   50.010
  46.677,  46842,    7.810   12.720,      8,   50.001
  46.727,  46894,    7.810   12.920,      8,   50.006
  46.777,  46944,    7.810   12.990,      8,   50.001
  46.827,  46993,    7.810   12.990,      8,   50.009
  46.877,  47043,    7.810   12.790,      8,   50.003
  46.927,  47094,    7.810   12.660,      8,   50.006
  46.977,  47143,    7.810   12.460,      8,   50.001
  47.027,  47195,    7.810   12.260,      8,   50.020
  47.077,  47244,    7.810   12.130,      8,   50.005
  47.127,  47293,    7.810   12.130,      8,   50.007
  47.177,  47344,    7.710   12.190,      8,   50.005
  47.227,  47394,    7.710   12.390,      8,   50.000
  47.277,  47444,    7.910   12.460,      8,   50.006
  47.327,  47494,    7.810   12.520,      8,   50.003
  47.377,  47544,    7.810   12.660,      8,   50.001
  47.427,  47595,    7.910   12.660,      8,   50.006
  47.477,  47644,    7.710   12.660,      8,   50.003
  47.527,  47694,    7.810   12.520,      8,   50.007
  47.577,  47745,    7.910   12.460,      8,   50.009
  47.627,  47795,    7.810   12.460,      8,   50.008
  47.677,  47845,    7.810   12.460,      8,   50.005
  47.727,  47895,    7.810   12.460,      8,   50.003
  47.777,  47944,    7.810   12.460,      8,   50.005
  47.827,  47995,    7.710   12.460,      8,   50.005
  47.877,  48046,    7.810   12.460,      8,   50.002
  47.927,  48095,    7.810   12.520,      8,   50.008
  47.977,  48145,    7.810   12.460,      8,   50.010
  48.027,  48196,    7.810   12.460,      8,   50.008
  48.077,  48245,    7.710   12.460,      8,   50.009
  48.127,  48295,    7.810   12.460,      8,   50.009
  48.177,  48346,    7.810   12.520,      8,   50.000
  48.227,  48395,    7.710   12.520,      8,   50.000
  48.277,  48446,    7.710   12.520,      8,   50.010
  48.327,  48496,    7.810   12.520,      8,   50.006
  48.377,  48545,    7.710   12.520,      8,   50.009
  48.427,  48595,    7.810   12.520,      8,   50.004
  48.477,  48647,    7.710   12.520,      8,   50.005
  48.527,  48696,    7.810   12.520,      8,   50.007
  48.577,  48746,    7.810   12.520,      8,   50.001
  48.627,  48796,    7.810   12.520,      8,   50.006
  48.677,  48846,    7.710   12.520,      8,   50.004
  48.727,  48897,    7.710   12.520,      8,   50.012
  48.777,  48947,    7.810   12.520,      8,   50.004
  48.827,  48997,    7.810   12.520,      8,   50.002
  48.877,  49046,    7.710   12.520,      8,   50.005
  48.927,  49097,    7.810   12.520,      8,   50.001
  48.977,  49147,    7.810   12.520,      8,   50.007
  49.027,  49197,    7.710   12.460,      8,   50.003
  49.077,  49247,    7.710   12.460,      8,   50.005
  49.127,  49298,    7.810   12.460,      8,   50.011
  49.177,  49347,    7.710   12.520,      8,   50.000
  49.227,  49397,    7.810   12.520,      8,   50.007
  49.277,  49447,    7.710   12.520,      8,   50.000
  49.327,  49498,    7.810   12.520,      8,   50.007
  49.377,  49548,    7.710   12.460,      8,   50.003
  49.427,  49598,    7.810   12.460,      8,   50.001
  49.477,  49647,    7.810   12.460,      8,   50.001
  49.527,  49697,    7.710   12.460,      8,   50.008
  49.577,  49748,    7.810   12.460,      8,   50.007
  49.627,  49798,    7.810   12.460,      8,   50.008
  49.677,  49848,    7.810   12.520,      8,   50.001
  49.727,  49898,    7.810   12.460,      8,   50.006
  49.777,  49948,    7.710   12.520,      8,   50.007
  49.827,  49998,    7.810   12.520,      8,   50.000
  49.877,  50049,    7.810   12.460,      8,   50.004
  49.927,  50098,    7.810   12.520,      8,   50.001
  49.977,  50148,    7.810   12.520,      8,   50.006
  50.027,  50199,    7.810   12.460,      8,   50.007
  50.077,  50248,    7.810   12.460,      8,   50.000
  50.127,  50298,    7.810   12.460,      8,   50.001
  50.177,  50349,    7.810   12.460,      8,   50.007
  50.227,  50398,    7.710   12.460,      8,   50.004
  50.277,  50449,    7.710   12.460,      8,   50.001
  50.327,  50499,    7.810   12.520,      8,   50.007
  50.377,  50549,    7.910   12.520,      8,   50.006
  50.427,  50599,    7.810   12.460,      8,   50.002
  50.477,  50650,    7.710   12.460,      8,   50.002
  50.527,  50700,    7.810   12.460,      8,   50.009
  50.577,  50749,    7.810   12.460,      8,   50.000
  50.627,  50799,    7.710   12.460,      8,   50.007
  50.677,  50850,    7.910   12.460,      8,   50.006
  50.727,  50899,    7.810   12.460,      8,   50.005
  50.777,  50950,    7.710   12.460,      8,   50.001
  50.827,  51000,    7.910   12.460,      8,   50.004
  50.877,  51050,    7.710   12.520,      8,   50.008
  50.927,  51100,    7.710   12.460,      8,   50.001
  50.977,  51150,    7.810   12.520,      8,   50.003
  51.027,  51200,    7.810   12.460,      8,   50.004
  51.077,  51251,    7.710   12.460,      8,   50.004
  51.127,  51301,    7.810   12.460,      8,   50.007
  51.177,  51350,    7.710   12.460,      8,   50.007
  51.227,  51400,    7.710   12.460,      8,   50.012
  51.277,  51450,    7.810   12.460,      8,   50.007
  51.327,  51501,    7.710   12.460,      8,   50.005
  51.377,  51551,    7.710   12.460,      8,   50.007
  51.427,  51601,    7.810   12.460,      8,   50.009
  51.477,  51650,    7.710   12.460,      8,   50.003
  51.527,  51700,    7.710   12.460,      8,   50.004
  51.577,  51751,    7.810   12.460,      8,   50.004
  51.627,  51801,    7.710   12.460,      8,   50.010
  51.677,  51851,    7.810   12.460,      8,   50.005
  51.727,  51901,    7.810   12.460,      8,   50.000
  51.777,  51951,    7.810   12.460,      8,   50.007
  51.827,  52001,    7.710   12.520,      8,   50.008
  51.877,  52051,    7.810   12.460,      8,   50.000
  51.927,  52102,    7.810   12.460,      8,   50.006
  51.977,  52152,    7.710   12.460,      8,   50.009
  52.027,  52202,    7.710   12.460,      8,   50.010
  52.077,  52252,    7.910   12.460,      8,   50.003
  52.127,  52301,    7.710   12.460,      8,   50.003
  52.177,  52353,    7.710   12.460,      8,   50.006
  52.227,  52403,    7.710   12.460,      8,   50.006
  52.277,  52452,    7.710   12.460,      8,   50.016
  52.327,  52502,    7.710   12.460,      8,   50.011
  52.377,  52552,    7.810   12.460,      8,   50.010
  52.427,  52602,    7.710   12.460,      8,   50.000
  52.477,  52653,    7.710   12.460,      8,   50.006
  52.527,  52703,    7.810   12.460,      8,   50.000
  52.577,  52752,    7.710   12.460,      8,   50.001
  52.627,  52803,    7.710   12.460,      8,   50.000
  52.677,  52853,    7.810   12.460,      8,   50.003
  52.727,  52902,    7.710   12.460,      8,   50.005
  52.777,  52953,    7.710   12.460,      8,   50.008
  52.827,  53004,    7.810   12.460,      8,   50.007
  52.877,  53053,    7.710   12.460,      8,   50.006
  52.927,  53103,    7.710   12.460,      8,   50.003
  52.977,  53153,    7.810   12.460,      8,   50.000
  53.027,  53203,    7.710   12.460,      8,   50.017
  53.077,  53254,    7.810   12.460,      8,   50.002
  53.127,  53304,    7.710   12.460,      8,   50.005
  53.177,  53353,    7.710   12.460,      8,   50.007
  53.227,  53403,    7.810   12.460,      8,   50.012
  53.277,  53454,    7.710   12.460,      8,   50.007
  53.327,  53504,    7.710   12.460,      8,   50.012
  53.377,  53554,    7.710   12.460,      8,   50.000
  53.427,  53604,    7.710   12.460,      8,   50.009
  53.477,  53654,    7.710   12.460,      8,   50.015
  53.527,  53704,    7.710   12.460,      8,   50.005
  53.577,  53754,    7.710   12.460,      8,   50.009
  53.627,  53804,    7.710   12.460,      8,   50.009
  53.677,  53854,    7.710   12.460,      8,   50.000
  53.727,  53905,    7.710   12.460,      8,   50.007
  53.777,  53955,    7.710   12.460,      8,   50.005
  53.827,  54004,    7.710   12.460,      8,   50.011
  53.877,  54054,    7.710   12.460,      8,   50.003
  53.927,  54105,    7.810   12.460,      8,   50.008
  53.977,  54155,    7.710   12.460,      8,   50.002
  54.027,  54205,    7.710   12.460,      8,   50.006
  54.077,  54255,    7.810   12.460,      8,   50.005
  54.127,  54304,    7.710   12.460,      8,   50.005
  54.177,  54355,    7.710   12.460,      8,   50.006
  54.227,  54406,    7.810   12.460,      8,   50.008
  54.277,  54455,    7.710   12.460,      8,   50.008
  54.327,  54505,    7.810   12.460,      8,   50.001
  54.377,  54556,    7.710   12.460,      8,   50.008
  54.427,  54605,    7.710   12.460,      8,   50.004
  54.477,  54656,    7.710   12.460,      8,   50.002
  54.527,  54706,    7.710   12.460,      8,   50.005
  54.577,  54755,    7.810   12.460,      8,   50.007
  54.627,  54806,    7.710   12.460,      8,   50.005
  54.677,  54856,    7.710   12.460,      8,   50.009
  54.727,  54905,    7.710   12.460,      8,   50.001
  54.777,  54957,    7.710   12.460,      8,   50.009
  54.827,  55007,    7.710   12.460,      8,   50.005
  54.877,  55057,    7.710   12.460,      8,   50.001
  54.927,  55106,    7.710   12.460,      8,   50.004
  54.977,  55157,    7.810   12.460,      8,   50.011
  55.027,  55207,    7.810   12.520,      8,   50.015
  55.077,  55257,    7.810   12.520,      8,   50.006
  55.127,  55307,    7.710   12.520,      8,   50.003
  55.177,  55357,    7.810   12.460,      8,   50.014
  55.227,  55406,    7.810   12.460,      8,   50.001
  55.277,  55457,    7.710   12.520,      8,   50.009
  55.327,  55507,    7.810   12.520,      8,   50.000
  55.377,  55557,    7.710   12.520,      8,   50.005
  55.427,  55607,    7.710   12.520,      8,   50.011
  55.477,  55658,    7.710   12.520,      8,   50.004
  55.527,  55707,    7.710   12.520,      8,   50.010
  55.578,  55757,    7.710   12.520,      8,   50.008
  55.628,  55808,    7.810   12.520,      8,   50.009
  55.678,  55857,    7.710   12.460,      8,   50.003
  55.728,  55908,    7.710   12.460,      8,   50.009
  55.778,  55958,    7.810   12.460,      8,   50.001
  55.828,  56007,    7.710   12.460,      8,   50.001
  55.878,  56057,    7.810   12.520,      8,   50.008
  55.928,  56109,    7.710   12.460,      8,   50.008
  55.978,  56158,    7.710   12.520,      8,   50.004
  56.028,  56208,    7.710   12.460,      8,   50.001
  56.078,  56258,    7.710   12.460,      8,   50.005
  56.128,  56307,    7.710   12.460,      8,   50.002
  56.178,  56358,    7.710   12.460,      8,   50.009
  56.228,  56409,    7.710   12.460,      8,   50.005
  56.278,  56458,    7.810   12.460,      8,   50.007
  56.328,  56508,    7.710   12.460,      8,   50.009
  56.378,  56559,    7.810   12.460,      8,   50.007
  56.428,  56609,    7.810   12.460,      8,   50.007
  56.478,  56658,    7.710   12.460,      8,   50.007
  56.528,  56709,    7.710   12.460,      8,   50.000
  56.578,  56760,    7.910   12.460,      8,   50.011
  56.628,  56809,    7.810   12.460,      8,   50.001
  56.678,  56859,    7.810   12.460,      8,   50.001
  56.728,  56909,    7.810   12.460,      8,   50.008
  56.778,  56960,    7.710   12.460,      8,   50.007
  56.828,  57010,    7.810   12.460,      8,   50.000
  56.878,  57060,    7.810   12.520,      8,   50.008
  56.928,  57110,    7.810   12.520,      8,   50.005
  56.978,  57160,    7.710   12.660,      8,   50.001
  57.028,  57210,    7.810   12.660,      8,   50.000
  57.078,  57260,    7.710   12.520,      8,   50.004
  57.128,  57310,    7.710   12.520,      8,   50.010
  57.178,  57360,    7.810   12.460,      8,   50.004
  57.228,  57410,    7.710   12.460,      8,   50.008
  57.278,  57460,    7.710   12.520,      8,   50.003
  57.328,  57510,    7.810   12.520,      8,   50.002
  57.378,  57560,    7.710   12.520,      8,   50.007
  57.428,  57610,    7.710   12.520,      8,   50.006
  57.478,  57661,    7.810   12.520,      8,   50.004
  57.528,  57710,    7.710   12.520,      8,   50.006
  57.578,  57760,    7.710   12.520,      8,   50.009
  57.628,  57811,    7.810   12.460,      8,   50.005
  57.678,  57861,    7.710   12.460,      8,   50.002
  57.728,  57911,    7.710   12.460,      8,   50.003
  57.778,  57961,    7.810   12.520,      8,   50.005
  57.828,  58010,    7.710   12.520,      8,   50.000
  57.878,  58061,    7.710   12.520,      8,   50.008
  57.928,  58112,    7.810   12.520,      8,   50.011
  57.978,  58161,    7.710   12.520,      8,   50.006
  58.028,  58211,    7.710   12.520,      8,   50.011
  58.078,  58262,    7.710   12.520,      8,   50.000
  58.128,  58311,    7.710   12.520,      8,   50.010
  58.178,  58361,    7.710   12.520,      8,   50.003
  58.228,  58412,    7.810   12.520,      8,   50.000
  58.278,  58462,    7.810   12.520,      8,   50.010
  58.328,  58512,    7.710   12.520,      8,   50.658
  58.378,  58563,    7.710   12.520,      8,   50.006
  58.428,  58613,    7.710   12.460,      8,   50.007
  58.478,  58662,    7.710   12.520,      8,   50.002
  58.528,  58713,    7.710   12.520,      8,   50.001
  58.578,  58763,    7.710   12.520,      8,   50.003
  58.628,  58813,    7.710   12.520,      8,   50.005
  58.678,  58863,    7.710   12.520,      8,   50.004
  58.728,  58913,    7.810   12.520,      8,   50.004
  58.778,  58962,    7.710   12.520,      8,   50.007
  58.828,  59014,    7.810   12.520,      8,   50.001
  58.878,  59064,    7.810   12.520,      8,   50.008
  58.928,  59113,    7.710   12.520,      8,   50.002
  58.978,  59163,    7.710   12.460,      8,   50.000
  59.028,  59214,    7.810   12.520,      8,   50.006
  59.078,  59264,    7.710   12.520,      8,   50.002
  59.129,  59314,    7.710   12.520,      8,   50.011
  59.179,  59364,    7.810   12.520,      8,   50.008
  59.229,  59413,    7.710   12.520,      8,   50.001
  59.279,  59464,    7.710   12.520,      8,   50.004
  59.329,  59514,    7.810   12.520,      8,   50.003
  59.379,  59564,    7.810   12.520,      8,   50.006
  59.429,  59614,    7.710   12.520,      8,   50.003
  59.479,  59665,    7.710   12.460,      8,   50.011
  59.529,  59714,    7.810   12.460,      8,   50.009
  59.579,  59764,    7.710   12.460,      8,   50.015
  59.629,  59814,    7.710   12.520,      8,   50.003
  59.679,  59864,    7.710   12.520,      8,   50.011
  59.729,  59915,    7.710   12.520,      8,   50.002
  59.779,  59965,    7.710   12.520,      8,   50.007
  59.829,  60015,    7.810   12.520,      8,   50.010
  59.879,  60064,    7.810   12.520,      8,   50.003
  59.929,  60115,    7.710   12.460,      8,   50.000
  59.979,  60166,    7.910   12.460,      8,   50.004
  60.029,  60215,    7.810   12.460,      8,   50.004
