   0.035,   1603,   10.450   -0.070,      0,   35.013
   1.580,   1637,    7.620    0.000,     10, 1545.003
   1.615,   1671,    7.710    0.000,      8,   35.003
   1.650,   1703,    7.620    0.070,      8,   35.005
   1.685,   1743,    7.620    0.330,      8,   35.006
   1.720,   1775,    7.620    0.990,      8,   35.028
   1.755,   1810,    7.620    2.110,      8,   35.006
   1.790,   1844,    7.620    3.630,      8,   35.005
   1.825,   1880,    7.620    5.730,      8,   35.002
   1.860,   1914,    7.620    7.980,      8,   35.006
   1.895,   1948,    7.710   10.550,      8,   35.000
   1.930,   1984,    7.620   13.120,      8,   35.002
   1.965,   2019,    7.620   15.290,      8,   35.009
   2.000,   2055,    7.620   17.070,      8,   35.003
   2.035,   2089,    7.710   18.000,      8,   35.000
   2.070,   2124,    7.620   18.390,      8,   35.006
   2.105,   2160,    7.620   17.930,      8,   35.022
   2.140,   2195,    7.620   16.940,      8,   35.010
   2.175,   2230,    7.710   15.750,      8,   35.006
   2.210,   2264,    7.620   14.040,      8,   35.002
   2.245,   2299,    7.620   12.330,      8,   35.000
   2.280,   2334,    7.620   10.610,      8,   35.003
   2.315,   2370,    7.620    9.160,      8,   35.010
   2.350,   2405,    7.810    8.170,      8,   35.001
   2.385,   2440,    7.620    7.650,      8,   35.002
   2.420,   2475,    7.620    7.710,      8,   35.010
   2.455,   2511,    7.620    8.370,      8,   35.042
   2.490,   2544,    7.620    9.290,      8,   35.000
   2.525,   2581,    7.620   10.740,      8,   35.025
   2.560,   2615,    7.620   12.130,      8,   35.006
   2.595,   2651,    7.620   13.710,      8,   35.008
   2.631,   2689,    7.620   15.230,      8,   36.077
   2.666,   2721,    7.620   16.150,      8,   35.009
   2.701,   2757,    7.620   16.810,      8,   35.017
   2.736,   2792,    7.620   16.870,      8,   35.024
   2.771,   2827,    7.620   16.550,      8,   35.000
   2.806,   2863,    7.620   15.750,      8,   35.046
   2.841,   2896,    7.620   14.770,      8,   35.009
   2.876,   2932,    7.620   13.450,      8,   35.011
   2.911,   2967,    7.620   12.190,      8,   35.003
   2.946,   3002,    7.710   11.010,      8,   35.003
   2.981,   3037,    7.620   10.020,      8,   35.002
   3.016,   3073,    7.620    9.290,      8,   35.018
   3.051,   3107,    7.620    8.960,      8,   35.003
   3.086,   3143,    7.710    9.030,      8,   35.005
   3.121,   3177,    7.620    9.560,      8,   35.008
   3.156,   3213,    7.620   10.350,      8,   35.017
   3.191,   3248,    7.620   11.340,      8,   35.000
   3.227,   3282,    7.710   12.460,      8,   35.008
   3.262,   3317,    7.620   13.650,      8,   35.005
   3.297,   3352,    7.620   14.500,      8,   35.007
   3.332,   3388,    7.620   15.230,      8,   35.002
   3.367,   3423,    7.620   15.560,      8,   35.002
   3.402,   3459,    7.810   15.560,      8,   35.004
   3.437,   3493,    7.620   15.230,      8,   35.012
   3.472,   3528,    7.620   14.500,      8,   35.015
   3.507,   3564,    7.620   13.710,      8,   35.027
   3.542,   3599,    7.710   12.850,      8,   35.001
   3.577,   3633,    7.620   11.870,      8,   35.007
   3.612,   3667,    7.620   11.070,      8,   35.005
   3.647,   3703,    7.620   10.480,      8,   35.004
   3.682,   3738,    7.620   10.090,      8,   35.000
   3.717,   3774,    7.710    9.950,      8,   35.007
   3.752,   3808,    7.620   10.090,      8,   35.008
   3.787,   3844,    7.620   10.550,      8,   35.006
   3.822,   3879,    7.620   11.140,      8,   35.008
   3.857,   3915,    7.710   11.930,      8,   35.004
   3.892,   3948,    7.620   12.660,      8,   35.025
   3.927,   3984,    7.620   13.380,      8,   35.003
   3.962,   4019,    7.710   13.970,      8,   35.006
   3.997,   4054,    7.620   14.300,      8,   35.002
   4.032,   4090,    7.710   14.500,      8,   35.755
   4.067,   4124,    7.620   14.440,      8,   35.003
   4.102,   4160,    7.620   14.170,      8,   35.002
   4.137,   4195,    7.620   13.650,      8,   35.011
   4.172,   4230,    7.620   13.120,      8,   35.010
   4.207,   4264,    7.620   12.460,      8,   35.000
   4.242,   4299,    7.620   11.870,      8,   35.005
   4.277,   4335,    7.620   11.400,      8,   35.004
   4.312,   4370,    7.620   11.070,      8,   35.002
   4.347,   4406,    7.710   10.880,      8,   35.003
   4.382,   4440,    7.620   10.880,      8,   35.009
   4.417,   4474,    7.620   11.070,      8,   35.007
   4.452,   4510,    7.620   11.400,      8,   35.013
   4.487,   4546,    7.710   11.870,      8,   35.010
   4.523,   4580,    7.620   12.330,      8,   35.008
   4.558,   4616,    7.620   12.720,      8,   35.016
   4.593,   4651,    7.620   13.180,      8,   35.009
   4.628,   4686,    7.620   13.450,      8,   35.019
   4.663,   4721,    7.710   13.650,      8,   35.008
   4.698,   4755,    7.710   13.650,      8,   35.007
   4.733,   4791,    7.620   13.450,      8,   35.004
   4.768,   4826,    7.620   13.180,      8,   35.003
   4.803,   4861,    7.620   12.850,      8,   35.009
   4.838,   4897,    7.810   12.460,      8,   35.001
   4.873,   4930,    7.620   12.130,      8,   35.007
   4.908,   4966,    7.620   11.870,      8,   35.009
   4.943,   5001,    7.620   11.670,      8,   35.010
   4.978,   5037,    7.710   11.600,      8,   35.017
   5.013,   5070,    7.620   11.600,      8,   35.010
   5.048,   5106,    7.620   11.800,      8,   35.004
   5.083,   5141,    7.620   11.930,      8,   35.000
   5.118,   5177,    7.620   12.190,      8,   35.000
   5.153,   5213,    7.810   12.460,      8,   35.008
   5.188,   5246,    7.620   12.660,      8,   35.005
   5.223,   5281,    7.620   12.920,      8,   35.010
   5.258,   5317,    7.620   12.990,      8,   35.005
   5.293,   5352,    7.620   13.120,      8,   35.007
   5.328,   5387,    7.620   12.990,      8,   35.009
   5.363,   5422,    7.620   12.920,      8,   35.010
   5.398,   5456,    7.620   12.720,      8,   35.005
   5.433,   5492,    7.620   12.590,      8,   35.002
   5.468,   5527,    7.710   12.390,      8,   35.010
   5.503,   5562,    7.620   12.190,      8,   35.002
   5.538,   5598,    7.620   12.130,      8,   35.009
   5.573,   5633,    7.620   12.130,      8,   35.014
   5.608,   5667,    7.620   12.130,      8,   35.039
   5.643,   5703,    7.710   12.190,      8,   35.001
   5.678,   5737,    7.620   12.330,      8,   35.003
   5.713,   5772,    7.620   12.460,      8,   35.002
   5.748,   5808,    7.620   12.590,      8,   35.003
   5.783,   5842,    7.710   12.660,      8,   35.004
   5.818,   5877,    7.620   12.720,      8,   35.064
   5.853,   5913,    7.620   12.720,      8,   35.006
   5.888,   5948,    7.620   12.720,      8,   35.009
   5.923,   5983,    7.620   12.660,      8,   35.011
   5.958,   6019,    7.710   12.660,      8,   35.017
   5.993,   6052,    7.620   12.590,      8,   35.004
   6.028,   6087,    7.620   12.460,      8,   35.004
   6.063,   6123,    7.620   12.390,      8,   35.003
   6.098,   6158,    7.710   12.390,      8,   35.010
   6.133,   6195,    7.710   12.390,      8,   35.009
   6.168,   6227,    7.620   12.390,      8,   35.008
   6.203,   6263,    7.620   12.390,      8,   35.003
   6.238,   6298,    7.620   12.460,      8,   35.001
   6.273,   6335,    7.710   12.460,      8,   35.014
   6.308,   6368,    7.620   12.460,      8,   35.003
   6.343,   6404,    7.620   12.590,      8,   35.005
   6.378,   6438,    7.620   12.590,      8,   35.014
   6.413,   6473,    7.620   12.590,      8,   35.000
   6.448,   6509,    7.710   12.460,      8,   35.002
   6.483,   6544,    7.620   12.460,      8,   35.004
   6.518,   6579,    7.620   12.460,      8,   35.008
   6.553,   6614,    7.620   12.460,      8,   35.003
   6.588,   6649,    7.620   12.460,      8,   35.008
   6.623,   6684,    7.710   12.460,      8,   35.002
   6.658,   6719,    7.620   12.460,      8,   35.008
   6.693,   6754,    7.620   12.460,      8,   35.009
   6.728,   6790,    7.620   12.460,      8,   35.076
   6.763,   6824,    7.710   12.460,      8,   35.001
   6.798,   6858,    7.710   12.460,      8,   35.007
   6.833,   6894,    7.620   12.460,      8,   35.003
   6.868,   6929,    7.620   12.460,      8,   35.001
   6.903,   6965,    7.620   12.460,      8,   35.008
   6.938,   7002,    7.710   12.460,      8,   35.008
   6.973,   7034,    7.620   12.460,      8,   35.007
   7.008,   7069,    7.620   12.460,      8,   35.005
   7.043,   7105,    7.710   12.460,      8,   35.001
   7.078,   7140,    7.620   12.460,      8,   35.000
   7.113,   7175,    7.620   12.460,      8,   35.006
   7.148,   7209,    7.620   12.460,      8,   35.007
   7.183,   7244,    7.620   12.460,      8,   35.010
   7.218,   7280,    7.620   12.460,      8,   35.005
   7.253,   7316,    7.710   12.460,      8,   35.014
   7.288,   7350,    7.620   12.460,      8,   35.004
   7.323,   7386,    7.620   12.460,      8,   35.007
   7.358,   7420,    7.620   12.460,      8,   35.005
   7.393,   7455,    7.620   12.460,      8,   35.010
   7.428,   7491,    7.710   12.460,      8,   35.002
   7.463,   7525,    7.620   12.460,      8,   35.008
   7.498,   7560,    7.620   12.460,      8,   35.001
   7.533,   7596,    7.620   12.460,      8,   35.005
   7.568,   7630,    7.620   12.460,      8,   35.002
   7.603,   7665,    7.620   12.460,      8,   35.015
   7.638,   7701,    7.620   12.460,      8,   35.008
   7.673,   7736,    7.620   12.460,      8,   35.003
   7.708,   7771,    7.620   12.460,      8,   35.011
   7.743,   7806,    7.710   12.460,      8,   35.010
   7.778,   7840,    7.620   12.460,      8,   35.009
   7.813,   7876,    7.620   12.460,      8,   35.001
   7.848,   7911,    7.620   12.460,      8,   35.001
   7.883,   7946,    7.620   12.460,      8,   35.000
   7.918,   7982,    7.620   12.460,      8,   35.001
   7.953,   8016,    7.620   12.460,      8,   35.006
   7.988,   8052,    7.620   12.460,      8,   35.011
   8.023,   8086,    7.620   12.460,      8,   35.001
   8.058,   8122,    7.710   12.460,      8,   35.002
   8.093,   8156,    7.620   12.460,      8,   35.006
   8.128,   8192,    7.710   12.460,      8,   35.002
   8.163,   8226,    7.620   12.460,      8,   35.003
   8.198,   8262,    7.620   12.460,      8,   35.009
   8.233,   8297,    7.710   12.460,      8,   35.000
   8.268,   8331,    7.620   12.460,      8,   35.002
   8.303,   8367,    7.620   12.460,      8,   35.007
   8.338,   8402,    7.620   12.460,      8,   35.012
   8.373,   8437,    7.620   12.460,      8,   35.006
   8.408,   8472,    7.620   12.460,      8,   35.023
   8.443,   8507,    7.620   12.460,      8,   35.004
   8.478,   8542,    7.710   12.460,      8,   35.006
   8.513,   8578,    7.620   12.460,      8,   35.012
   8.548,   8612,    7.710   12.460,      8,   35.010
   8.583,   8647,    7.620   12.460,      8,   35.092
   8.618,   8682,    7.620   12.460,      8,   35.006
   8.654,   8717,    7.620   12.460,      8,   35.004
   8.689,   8753,    7.620   12.460,      8,   35.002
   8.724,   8787,    7.620   12.460,      8,   35.002
   8.759,   8822,    7.710   12.590,      8,   35.009
   8.794,   8857,    7.620   12.590,      8,   35.000
   8.829,   8893,    7.620   12.590,      8,   35.009
   8.864,   8928,    7.710   12.460,      8,   35.010
   8.899,   8963,    7.710   12.460,      8,   35.010
   8.934,   8997,    7.620   12.460,      8,   35.000
   8.969,   9033,    7.620   12.460,      8,   35.006
   9.004,   9068,    7.620   12.460,      8,   35.003
   9.039,   9105,    7.710   12.460,      8,   35.027
   9.074,   9138,    7.620   12.460,      8,   35.011
   9.109,   9172,    7.620   12.460,      8,   35.012
   9.144,   9208,    7.620   12.460,      8,   35.006
   9.179,   9243,    7.620   12.460,      8,   35.007
   9.214,   9278,    7.710   12.460,      8,   35.003
   9.249,   9313,    7.620   12.460,      8,   35.010
   9.284,   9349,    7.620   12.460,      8,   35.001
   9.319,   9383,    7.620   12.460,      8,   35.006
   9.354,   9419,    7.710   12.460,      8,   35.009
   9.389,   9454,    7.710   12.460,      8,   35.015
   9.424,   9489,    7.620   12.460,      8,   35.007
   9.459,   9525,    7.620   12.460,      8,   35.005
   9.494,   9560,    7.620   12.460,      8,   35.012
   9.529,   9594,    7.710   12.460,      8,   35.007
   9.564,   9628,    7.620   12.460,      8,   35.002
   9.599,   9664,    7.620   12.460,      8,   35.010
   9.634,   9699,    7.620   12.460,      8,   35.003
   9.669,   9735,    7.620   12.460,      8,   35.011
   9.704,   9769,    7.620   12.460,      8,   35.003
   9.739,   9804,    7.620   12.460,      8,   35.015
   9.774,   9840,    7.620   12.460,      8,   35.007
   9.809,   9875,    7.620   12.460,      8,   35.005
   9.844,   9910,    7.710   12.460,      8,   35.011
   9.879,   9944,    7.620   12.460,      8,   35.006
   9.914,   9979,    7.620   12.460,      8,   35.007
   9.949,  10014,    7.620   12.460,      8,   35.006
   9.984,  10050,    7.620   12.460,      8,   35.010
  10.019,  10085,    7.710   12.460,      8,   35.001
